代码	名称	涨跌	涨幅%%	现价	涨跌	买价	卖价	总量	涨速%%	换手%%	今开	最高	最低	昨收	市盈(动)	总金额	流通股本(万)	地区	流通市值	上市日期	
000423	东阿阿胶	-1.28	-3.40	36.32	-1.28	36.32	36.33	228995	0.00	          3.50	37.59	37.59	35.91	37.60	    19.30	837697280	      65377.33	山东	        237.45亿	19960729	
000513	丽珠集团	-2.02	-3.90	49.78	-2.02	49.78	49.79	30593	0.02	          1.72	51.70	51.70	49.18	51.80	    26.08	152850928	      17766.91	广东	         88.44亿	19931028	
000538	云南白药	-0.40	-0.67	59.10	-0.40	59.05	59.10	271699	0.33	          2.61	59.48	60.69	57.02	59.50	    23.74	1596608896	     104136.53	云南	        615.45亿	19931215	
000590	紫光古汉	-0.97	-5.40	16.98	-0.97	16.97	16.98	95223	0.00	          4.27	17.89	17.90	16.54	17.95	  2100.85	161973136	      22323.61	湖南	         37.91亿	19960119	
000623	吉林敖东	1.73	5.20	35.01	1.73	35.00	35.01	990264	-0.45	         12.55	33.50	36.00	32.17	33.28	    25.69	3399984896	      78904.07	吉林	        276.24亿	19961028	
000650	仁和药业	-0.47	-5.62	7.89	-0.47	7.89	7.90	387937	0.00	          3.92	8.39	8.41	7.75	8.36	    29.28	310213536	      99040.99	江西	         78.14亿	19961210	
000766	通化金马	-0.39	-4.88	7.60	-0.39	7.60	7.61	130150	0.00	          2.90	7.99	7.99	7.59	7.99	   417.10	100261072	      44901.48	吉林	         34.13亿	19970430	
000790	华神集团	-0.50	-4.44	10.75	-0.50	10.75	10.76	193182	-0.09	          5.07	11.20	11.22	10.49	11.25	   190.35	209177296	      38070.00	四川	         40.93亿	19980327	
000919	金陵药业	-0.24	-1.55	15.28	-0.24	15.20	15.28	147473	1.12	          5.36	15.61	15.68	14.70	15.52	    35.72	222530224	      27528.47	江苏	         42.06亿	19991118	
000989	九 芝 堂	-0.27	-1.53	17.39	-0.27	17.38	17.39	161067	-0.05	          5.41	17.57	17.76	16.90	17.66	    33.31	280825920	      29760.52	湖南	         51.75亿	20000628	
000999	华润三九	-0.48	-2.11	22.22	-0.48	22.22	22.23	188548	-0.04	          1.93	22.70	22.85	21.70	22.70	    20.68	421012064	      97774.22	深圳	        217.25亿	20000309	
002107	沃华医药	-0.78	-3.12	24.25	-0.78	24.25	24.28	61391	-0.08	          8.17	26.00	26.20	22.85	25.03	   198.64	152228544	       7511.04	山东	         18.21亿	20070124	
002118	紫鑫药业	-0.68	-4.19	15.55	-0.68	15.54	15.55	87330	-0.12	          1.70	16.20	16.21	15.30	16.23	--  	137022608	      51248.37	吉林	         79.69亿	20070302	
002166	莱茵生物	-0.86	-3.63	22.86	-0.86	22.85	22.86	78603	0.08	          6.59	23.68	23.68	22.47	23.72	   109.60	180725872	      11933.25	广西	         27.28亿	20070913	
002198	嘉应制药	-0.32	-3.04	10.20	-0.32	10.20	10.21	138767	0.09	          4.26	10.53	10.60	10.00	10.52	    76.76	142566496	      32554.06	广东	         33.21亿	20071218	
002219	恒康医疗	1.05	4.79	22.99	1.05	22.99	23.00	209875	0.04	          3.48	22.12	23.62	22.12	21.94	    48.75	481535872	      60347.92	甘肃	        138.74亿	20080306	
002275	桂林三金	-0.12	-0.61	19.56	-0.12	19.56	19.57	51447	0.00	          0.98	19.72	19.88	19.18	19.68	    26.53	100707472	      52434.82	广西	        102.56亿	20090710	
002287	奇正藏药	-0.74	-3.07	23.33	-0.74	23.32	23.33	24387	-0.29	          0.60	24.05	24.05	22.70	24.07	    41.14	57096680	      40600.00	西藏	         94.72亿	20090828	
002317	众生药业	-0.71	-3.41	20.13	-0.71	20.12	20.13	91880	0.14	          4.02	20.85	20.93	19.93	20.84	    32.99	186414032	      22879.39	广东	         46.06亿	20091211	
002349	精华制药	-0.39	-1.65	23.18	-0.39	23.18	23.20	18287	0.04	          0.93	23.20	23.90	22.98	23.57	   116.83	42745648	      19737.91	江苏	         45.75亿	20100203	
002390	信邦制药	-0.44	-2.01	21.50	-0.44	21.48	21.50	82666	0.00	          3.63	21.94	21.98	20.50	21.94	    93.49	177122624	      22774.99	贵州	         48.97亿	20100416	
002412	汉森制药	0.70	4.14	17.60	0.70	17.60	17.61	117282	0.17	          4.09	17.65	18.20	17.00	16.90	    48.75	207697504	      28677.50	湖南	         50.47亿	20100525	
002424	贵州百灵	-0.86	-1.96	43.00	-0.86	43.00	43.03	44272	-0.09	          2.15	43.81	43.81	42.49	43.86	    86.79	190071520	      20630.24	贵州	         88.71亿	20100603	
002433	太安堂	-0.44	-3.48	12.19	-0.44	12.19	12.20	195899	0.00	          3.72	12.63	12.83	11.92	12.63	    48.22	243005856	      52615.00	广东	         64.14亿	20100618	
002566	益盛药业	-0.45	-3.02	14.46	-0.45	14.46	14.47	64550	-0.06	          3.16	14.93	15.00	14.35	14.91	    52.96	94248656	      20426.16	吉林	         29.54亿	20110318	
002603	以岭药业	-1.07	-3.22	32.12	-1.07	32.12	32.13	83146	0.00	          4.32	33.20	33.31	31.87	33.19	    46.74	269127232	      19244.43	河北	         61.81亿	20110728	
002644	佛慈制药	1.65	7.36	24.06	1.65	24.06	24.07	59541	-0.16	         12.47	22.50	24.65	22.20	22.41	   115.13	140092800	       4774.00	甘肃	         11.49亿	20111222	
002728	台城制药	--  	--  	41.99	--  	--  	--  	0	--  	          0.00	--  	--  	--  	41.99	    48.93	0	       2500.00	广东	         10.50亿	20140731	
300016	北陆药业	-1.08	-5.91	17.20	-1.08	17.20	17.21	50228	0.40	          2.03	18.25	18.25	17.10	18.28	    65.93	87637424	      24735.78	北京	         42.55亿	20091030	
300026	红日药业	-1.14	-4.19	26.06	-1.14	26.06	26.07	103404	-0.07	          2.47	27.07	27.09	25.76	27.20	    33.52	271876864	      41916.83	天津	        109.24亿	20091030	
300039	上海凯宝	-0.59	-3.95	14.35	-0.59	14.35	14.36	156027	-0.13	          3.34	14.88	14.90	14.21	14.94	    25.11	226068352	      46743.32	上海	         67.08亿	20100108	
300049	福瑞股份	-0.58	-1.49	38.45	-0.58	38.44	38.45	31698	0.05	          2.91	38.91	39.50	36.88	39.03	    88.13	120920792	      10883.04	内蒙	         41.85亿	20100120	
300158	振东制药	-1.05	-6.55	14.98	-1.05	14.98	14.99	77603	-0.06	          6.71	15.91	15.97	14.93	16.03	    79.65	118768984	      11565.83	山西	         17.33亿	20110107	
300181	佐力药业	-0.63	-4.08	14.82	-0.63	14.81	14.82	103609	-0.20	          4.42	15.36	15.36	14.55	15.45	    48.03	155124064	      23429.26	浙江	         34.72亿	20110222	
600080	金花股份	-0.18	-1.54	11.54	-0.18	11.53	11.54	117843	-0.34	          3.86	11.72	11.74	11.17	11.72	    90.34	135110688	      30529.58	陕西	         35.23亿	19970612	
600085	同仁堂	0.39	1.79	22.23	0.39	22.19	22.20	279918	0.63	          2.13	21.88	22.25	20.70	21.84	    37.72	602337344	     131114.31	北京	        291.47亿	19970625	
600129	太极集团	0.26	1.65	15.99	0.26	15.96	16.00	121711	0.18	          2.85	15.69	16.16	15.21	15.73	   226.29	193087904	      42689.39	重庆	         68.26亿	19971118	
600211	西藏药业	-2.73	-6.86	37.09	-2.73	37.06	37.10	36900	-0.45	          3.23	39.66	39.66	36.70	39.82	   131.26	139062176	      11410.90	西藏	         42.32亿	19990721	
600222	太龙药业	-0.26	-3.34	7.52	-0.26	7.51	7.52	157225	0.26	          3.17	7.75	7.78	7.41	7.78	   249.69	119036952	      49660.89	河南	         37.34亿	19991105	
600252	中恒集团	-0.25	-1.55	15.93	-0.25	15.94	15.95	563751	-0.06	          5.16	16.29	16.29	15.55	16.18	    18.80	896941504	     109174.75	广西	        173.92亿	20001130	
600285	羚锐制药	-0.32	-3.62	8.53	-0.32	8.52	8.53	293433	0.00	          6.40	8.86	8.90	8.40	8.85	    55.14	253090064	      45841.73	河南	         39.10亿	20001018	
600329	中新药业	-0.52	-3.32	15.13	-0.52	15.03	15.12	123536	-0.39	          2.32	15.65	15.75	15.00	15.65	    32.66	188819392	      53343.37	天津	         80.71亿	20010606	
600332	白云山	0.00	0.00	27.11	0.00	--  	--  	0	0.00	          0.00	--  	--  	--  	27.11	    30.64	0	     103660.10	广东	        281.02亿	20010206	
600351	亚宝药业	-0.40	-3.98	9.65	-0.40	9.65	9.66	222063	0.52	          3.51	10.07	10.07	9.55	10.05	    35.93	216095120	      63295.19	山西	         61.08亿	20020926	
600422	昆明制药	0.00	0.00	27.17	0.00	--  	--  	0	0.00	          0.00	--  	--  	--  	27.17	    34.22	0	      34018.87	云南	         92.43亿	20001206	
600436	片仔癀	-2.49	-2.72	89.04	-2.49	89.05	89.06	39719	0.03	          2.47	91.50	92.70	87.30	91.53	    35.96	358456384	      16088.45	福建	        143.25亿	20030616	
600466	迪康药业	-0.27	-3.86	6.72	-0.27	6.71	6.72	253474	-0.14	          5.77	6.99	6.99	6.51	6.99	   165.93	171235216	      43900.58	四川	         29.50亿	20010212	
600479	千金药业	-0.87	-4.92	16.83	-0.87	16.84	16.85	70557	-0.29	          2.31	17.87	17.87	16.45	17.70	    60.36	119537464	      30481.91	湖南	         51.30亿	20040312	
600518	康美药业	-0.48	-2.86	16.29	-0.48	16.28	16.29	719104	0.24	          3.27	16.76	16.77	15.91	16.77	    17.93	1175519872	     219871.45	广东	        358.17亿	20010319	
600535	天士力	-0.67	-1.59	41.41	-0.67	41.41	41.42	164005	-0.04	          1.59	42.09	42.50	40.33	42.08	    28.13	682189504	     103284.27	天津	        427.70亿	20020823	
600557	康缘药业	-0.75	-2.84	25.67	-0.75	25.64	25.65	217219	-0.03	          5.89	26.30	26.37	25.05	26.42	    38.41	557283904	      36852.85	江苏	         94.60亿	20020918	
600572	康恩贝	-0.87	-4.93	16.76	-0.87	16.75	16.76	242567	-0.05	          3.46	17.66	17.70	16.39	17.63	    25.62	411303712	      70095.61	浙江	        117.48亿	20040412	
600594	益佰制药	-0.94	-2.63	34.76	-0.94	34.78	34.79	102127	-0.65	          2.85	35.71	35.79	34.60	35.70	    33.51	357708288	      35826.76	贵州	        124.53亿	20040323	
600613	神奇制药	-0.21	-1.09	18.99	-0.21	18.99	19.00	50276	0.36	          3.40	19.17	19.39	18.53	19.20	    46.99	95167576	      14769.17	上海	         28.05亿	19920820	
600671	天目药业	-0.24	-1.52	15.60	-0.24	15.58	15.59	49442	0.64	          4.06	15.78	15.79	15.35	15.84	   648.38	76707888	      12172.04	浙江	         18.99亿	19930823	
600750	江中药业	-0.08	-0.38	21.08	-0.08	21.08	21.09	82080	0.14	          2.74	21.21	21.37	20.28	21.16	    30.56	171128176	      30000.00	江西	         63.24亿	19960923	
600781	辅仁药业	-0.98	-5.13	18.11	-0.98	18.08	18.10	43613	-0.76	          2.46	19.17	19.17	18.00	19.09	   146.75	80655688	      17759.28	河南	         32.16亿	19961218	
600976	武汉健民	-0.54	-1.81	29.25	-0.54	29.22	29.25	34789	-0.13	          2.27	29.81	29.84	28.68	29.79	    32.86	101664176	      15329.86	湖北	         44.84亿	20040419	
600993	马应龙	-0.93	-4.09	21.80	-0.93	21.80	21.81	88069	0.04	          2.66	22.70	22.73	21.78	22.73	    30.13	194444304	      33087.71	湖北	         72.13亿	20040517	
数据来源:通达信
