代码	名称	涨跌	涨幅%%	现价	涨跌	买价	卖价	总量	涨速%%	换手%%	今开	最高	最低	昨收	市盈(动)	总金额	流通股本(万)	地区	流通市值	上市日期	
000020	深华发Ａ	--  	--  	8.03	--  	--  	--  	0	--  	          0.00	--  	--  	--  	8.03	  1721.69	0	       6467.54	深圳	          5.19亿	19920428	
000032	深桑达Ａ	-0.89	-7.12	11.61	-0.89	11.61	11.62	99619	-0.25	          4.28	12.41	12.45	11.50	12.50	--  	118506432	      23282.71	深圳	         27.03亿	19931028	
000050	深天马Ａ	-0.81	-3.57	21.90	-0.81	21.89	21.90	173445	-0.09	          3.02	22.69	22.70	21.50	22.71	    59.65	383154944	      57422.05	深圳	        125.75亿	19950315	
000058	深 赛 格	-0.31	-4.78	6.17	-0.31	6.17	6.18	187628	0.32	          3.49	6.49	6.52	6.00	6.48	    77.95	117352664	      53831.10	深圳	         33.21亿	19961226	
000068	华控赛格	-0.47	-4.76	9.41	-0.47	9.41	9.42	178090	0.00	          1.99	9.88	9.88	8.91	9.88	--  	168659568	      89667.14	深圳	         84.38亿	19970611	
000413	东旭光电	--  	--  	7.67	--  	--  	--  	0	--  	          0.00	--  	--  	--  	7.67	    25.34	0	     201866.91	河北	        154.83亿	19960925	
000532	力合股份	-0.74	-4.24	16.71	-0.74	16.70	16.71	195639	0.00	          5.71	17.45	17.51	15.71	17.45	   209.39	324947232	      34279.58	广东	         57.28亿	19940103	
000536	华映科技	-0.77	-3.94	18.75	-0.77	18.74	18.75	157730	-0.05	          6.30	19.49	19.49	18.45	19.52	    52.52	298331168	      25052.75	福建	         46.97亿	19931126	
000636	风华高科	-0.55	-5.79	8.95	-0.55	8.94	8.95	273551	0.11	          4.08	9.40	9.40	8.65	9.50	    86.07	247437664	      67093.63	广东	         60.05亿	19961129	
000670	盈方微	--  	--  	13.20	--  	--  	--  	0	--  	          0.00	--  	--  	--  	13.20	--  	0	      46400.64	湖北	         61.25亿	19961217	
000725	京东方Ａ	0.14	4.68	3.13	0.14	3.13	3.14	10525942	0.00	          9.15	3.07	3.28	2.98	2.99	    44.67	3311981312	    1150574.38	北京	        360.13亿	20010112	
000727	华东科技	-0.20	-2.41	8.10	-0.20	8.09	8.10	206399	0.24	          5.76	8.30	8.31	7.52	8.30	   295.73	164743504	      35814.37	江苏	         29.01亿	19970520	
000733	振华科技	0.81	5.23	16.29	0.81	16.28	16.29	231739	0.00	          6.47	15.71	16.66	15.00	15.48	    56.61	368841024	      35812.00	贵州	         58.34亿	19970703	
000810	创维数字	-0.99	-5.38	17.42	-0.99	17.40	17.42	20408	0.11	          1.57	18.30	18.45	17.00	18.41	    23.61	36052596	      12966.57	四川	         22.59亿	19980602	
000823	超声电子	-0.41	-3.43	11.56	-0.41	11.55	11.56	119227	0.00	          2.71	11.97	12.00	11.38	11.97	    38.09	138794144	      44034.28	广东	         50.90亿	19971008	
000970	中科三环	-0.59	-3.22	17.73	-0.59	17.73	17.74	680739	0.11	          6.39	18.33	18.80	17.00	18.32	    60.91	1212852736	     106520.00	北京	        188.86亿	20000420	
002025	航天电器	1.77	8.58	22.39	1.77	22.38	22.39	319481	0.00	          9.69	20.99	22.40	19.00	20.62	    38.28	683974912	      32984.53	贵州	         73.85亿	20040726	
002045	国光电器	-0.39	-4.80	7.74	-0.39	7.74	7.75	146716	-0.12	          4.08	8.09	8.10	7.63	8.13	    44.93	115326048	      35962.26	广东	         27.83亿	20050523	
002049	同方国芯	-0.81	-2.73	28.82	-0.81	28.81	28.82	95616	0.00	          4.49	29.50	29.55	27.77	29.63	    58.28	275199008	      21275.39	河北	         61.32亿	20050606	
002055	得润电子	-0.84	-5.89	13.41	-0.84	13.41	13.42	175846	-0.22	          4.36	14.24	14.24	13.16	14.25	    43.79	238328256	      40294.92	深圳	         54.04亿	20060725	
002056	横店东磁	-0.75	-3.35	21.61	-0.75	21.61	21.62	105363	-0.18	          2.56	22.36	22.37	21.02	22.36	    25.42	229702224	      41081.51	浙江	         88.78亿	20060802	
002057	中钢天源	-0.75	-5.32	13.35	-0.75	13.35	13.37	76239	-0.14	          4.05	14.09	14.09	12.81	14.10	   110.51	103082672	      18839.03	安徽	         25.15亿	20060802	
002104	恒宝股份	-0.58	-4.06	13.72	-0.58	13.71	13.72	355925	0.07	          6.54	14.19	14.19	13.30	14.30	    40.58	490855552	      54443.62	江苏	         74.70亿	20070110	
002106	莱宝高科	-0.42	-3.04	13.39	-0.42	13.39	13.40	377396	0.14	          5.61	13.81	13.82	13.00	13.81	   265.68	506068352	      67306.63	深圳	         90.12亿	20070112	
002134	*ST普林	-0.08	-0.84	9.42	-0.08	9.42	9.43	52364	0.00	          2.13	9.49	9.54	9.03	9.50	   142.08	48613072	      24584.98	天津	         23.16亿	20070516	
002137	实 益 达	-0.55	-6.02	8.58	-0.55	8.57	8.58	86598	0.00	          2.08	9.13	9.18	8.53	9.13	   361.03	75312168	      41717.92	深圳	         35.79亿	20070613	
002138	顺络电子	-0.63	-3.12	19.55	-0.63	19.54	19.55	67338	-0.05	          2.12	20.23	20.30	19.51	20.18	    32.76	133371256	      31793.08	深圳	         62.16亿	20070613	
002139	拓邦股份	-0.65	-4.25	14.64	-0.65	14.64	14.65	78926	-0.13	          4.97	15.29	15.30	14.48	15.29	    49.70	116669840	      15873.95	深圳	         23.24亿	20070629	
002141	蓉胜超微	-0.55	-3.90	13.56	-0.55	13.56	13.57	42193	0.00	          2.32	14.11	14.15	12.75	14.11	   605.10	57043600	      18188.80	广东	         24.66亿	20070720	
002179	中航光电	1.86	7.21	27.67	1.86	27.66	27.67	232909	0.07	          5.24	26.70	27.75	24.86	25.81	    40.59	626206400	      44425.35	河南	        122.92亿	20071101	
002188	新 嘉 联	-0.36	-2.80	12.52	-0.36	12.51	12.52	78490	0.07	          5.50	12.88	12.88	12.40	12.88	--  	98394952	      14274.61	浙江	         17.87亿	20071122	
002189	利达光电	-1.07	-4.04	25.39	-1.07	25.39	25.40	93836	0.03	          4.72	26.35	26.46	24.30	26.46	   408.11	236842656	      19880.02	河南	         50.48亿	20071203	
002199	东晶电子	-0.11	-0.93	11.75	-0.11	11.74	11.75	83089	0.17	          5.89	11.85	11.85	11.42	11.86	--  	96694632	      14115.12	浙江	         16.59亿	20071221	
002222	福晶科技	-0.41	-3.29	12.05	-0.41	12.05	12.06	85517	0.00	          3.10	12.47	12.48	11.86	12.46	    71.17	103733888	      27611.57	福建	         33.27亿	20080319	
002241	歌尔声学	-0.67	-2.41	27.10	-0.67	27.08	27.10	221335	-0.11	          1.83	27.86	27.91	26.62	27.77	    28.92	601113472	     120950.00	山东	        327.77亿	20080522	
002273	水晶光电	-0.66	-3.27	19.54	-0.66	19.54	19.55	109975	-0.05	          3.23	20.30	20.30	19.31	20.20	    43.92	216446656	      34043.82	浙江	         66.52亿	20080919	
002288	超华科技	-0.51	-4.54	10.72	-0.51	10.71	10.72	152720	0.00	          5.18	11.23	11.24	10.60	11.23	    90.23	165298464	      29468.78	广东	         31.59亿	20090903	
002289	宇顺电子	-0.73	-3.50	20.15	-0.73	20.15	20.17	55938	-0.14	          5.83	20.88	20.88	19.91	20.88	   214.40	113640992	       9588.87	深圳	         19.32亿	20090903	
002388	新亚制程	-0.69	-3.79	17.51	-0.69	17.46	17.51	67424	1.03	          3.61	18.13	18.13	17.00	18.20	   249.77	117496168	      18663.75	深圳	         32.68亿	20100413	
002389	南洋科技	-0.69	-6.15	10.53	-0.69	10.53	10.54	183760	0.00	          6.04	11.22	11.22	10.40	11.22	   126.52	197610640	      30399.46	浙江	         32.01亿	20100413	
002402	和而泰	-1.22	-5.78	19.87	-1.22	19.87	19.88	49223	-0.10	          4.07	21.20	21.20	19.80	21.09	    65.76	99910080	      12096.00	深圳	         24.03亿	20100511	
002426	胜利精密	--  	--  	11.26	--  	--  	--  	0	--  	          0.00	--  	--  	--  	11.26	    68.41	0	      35306.58	江苏	         39.76亿	20100608	
002436	兴森科技	0.87	3.07	29.25	0.87	29.25	29.26	54858	-0.03	          3.58	28.37	29.66	27.33	28.38	    47.55	157205840	      15335.95	深圳	         44.86亿	20100618	
002456	欧菲光	-1.01	-4.40	21.93	-1.01	21.93	21.94	297043	0.04	          4.12	22.94	22.94	21.62	22.94	    32.34	659716544	      72070.56	深圳	        158.05亿	20100803	
002463	沪电股份	-0.30	-5.00	5.70	-0.30	5.69	5.70	335262	-0.17	          2.00	5.99	5.99	5.65	6.00	--  	193492320	     167298.05	江苏	         95.36亿	20100818	
002475	立讯精密	-1.06	-3.39	30.19	-1.06	30.19	30.20	65487	-0.16	          0.85	31.00	31.45	30.00	31.25	    43.75	200570256	      76645.79	深圳	        231.39亿	20100915	
002484	江海股份	-0.58	-3.42	16.37	-0.58	16.37	16.38	61044	-0.12	          2.00	16.95	16.95	16.17	16.95	    34.19	100709720	      30458.36	江苏	         49.86亿	20100929	
002512	达华智能	--  	--  	20.39	--  	--  	--  	0	--  	          0.00	--  	--  	--  	20.39	   130.51	0	      16139.16	广东	         32.91亿	20101203	
002579	中京电子	--  	--  	19.03	--  	--  	--  	0	--  	          0.00	--  	--  	--  	19.03	   397.69	0	      23364.00	广东	         44.46亿	20110506	
002587	奥拓电子	-1.10	-6.49	15.85	-1.10	15.84	15.85	79299	0.00	          5.67	16.61	16.84	15.61	16.95	    55.70	127335544	      13989.58	深圳	         22.17亿	20110610	
002600	江粉磁材	--  	--  	12.80	--  	--  	--  	0	--  	          0.00	--  	--  	--  	12.80	--  	0	      19421.83	广东	         24.86亿	20110715	
002618	丹邦科技	-1.61	-4.82	31.80	-1.61	31.80	31.81	35822	0.22	          1.96	33.40	33.40	31.39	33.41	    76.78	114880120	      18264.00	深圳	         58.08亿	20110920	
002636	金安国纪	-0.74	-5.06	13.88	-0.74	13.87	13.88	75832	-0.07	          8.00	14.48	14.49	13.50	14.62	    69.22	105958792	       9476.57	上海	         13.15亿	20111125	
002655	共达电声	-0.43	-4.17	9.89	-0.43	9.88	9.89	106030	0.00	          5.31	10.27	10.28	9.76	10.32	   179.22	105805616	      19962.00	山东	         19.74亿	20120217	
002729	好利来	-3.71	-7.59	45.17	-3.71	45.17	45.18	25951	-0.06	         15.56	48.25	48.64	45.00	48.88	    76.62	119559560	       1668.00	福建	          7.53亿	20140912	
300014	亿纬锂能	0.17	1.01	16.95	0.17	16.94	16.95	173270	-0.05	          5.55	17.00	17.32	16.30	16.78	    81.17	294297248	      31192.90	广东	         52.87亿	20091030	
300032	金龙机电	-0.72	-3.54	19.64	-0.72	19.64	19.68	62771	-0.20	          2.34	20.17	20.35	19.50	20.36	   272.90	124565280	      26809.75	浙江	         52.65亿	20091225	
300078	中瑞思创	-1.28	-5.22	23.23	-1.28	23.22	23.23	42691	0.25	          5.29	24.29	24.29	23.06	24.51	    51.72	100458720	       8068.18	浙江	         18.74亿	20100430	
300083	劲胜精密	-1.03	-4.11	24.01	-1.03	24.00	24.01	57168	0.04	          6.51	25.04	25.38	23.81	25.04	   116.90	138980912	       8787.37	广东	         21.10亿	20100520	
300088	长信科技	-1.11	-5.96	17.52	-1.11	17.52	17.53	231370	-0.17	          4.73	18.65	18.65	17.00	18.63	    40.19	414088736	      48943.12	安徽	         85.75亿	20100526	
300114	中航电测	2.30	6.97	35.30	2.30	35.29	35.30	57153	0.48	          3.66	33.30	35.99	31.20	33.00	   100.23	196725856	      15600.00	陕西	         55.07亿	20100827	
300115	长盈精密	-0.58	-2.74	20.60	-0.58	20.59	20.60	61359	-0.43	          1.20	21.20	21.20	20.22	21.18	    40.34	125977080	      51299.96	深圳	        105.68亿	20100902	
300127	银河磁体	-0.79	-5.45	13.71	-0.79	13.71	13.72	58996	0.07	          2.66	14.59	14.59	13.60	14.50	    62.12	82307704	      22186.49	四川	         30.42亿	20101013	
300128	锦富新材	-0.42	-2.90	14.04	-0.42	14.02	14.04	71154	0.07	          1.76	14.53	14.60	13.87	14.46	    50.15	100492056	      40356.80	江苏	         56.66亿	20101013	
300131	英唐智控	-0.84	-2.92	27.89	-0.84	27.89	27.91	57994	-0.39	          4.73	28.73	29.00	26.78	28.73	   239.87	161508352	      12267.95	深圳	         34.22亿	20101019	
300139	福星晓程	--  	--  	68.00	--  	--  	--  	0	--  	          0.00	--  	--  	--  	68.00	   129.15	0	       8454.41	北京	         57.49亿	20101112	
300154	瑞凌股份	-0.71	-4.14	16.44	-0.71	16.43	16.44	53036	-0.06	          3.41	17.25	17.27	16.01	17.15	    29.90	87719080	      15570.30	深圳	         25.60亿	20101229	
300155	安居宝	0.42	1.68	25.40	0.42	25.38	25.40	132910	-0.19	          7.48	24.52	26.60	23.39	24.98	    99.07	328826912	      17771.72	广东	         45.14亿	20110107	
300162	雷曼光电	-5.00	-9.01	50.49	-5.00	50.20	50.49	53372	-0.11	          6.45	55.60	57.08	49.94	55.49	   201.92	276897216	       8273.00	深圳	         41.77亿	20110113	
300184	力源信息	-0.80	-5.39	14.05	-0.80	14.04	14.05	42565	0.07	          4.16	14.78	14.78	13.56	14.85	   136.62	60544444	      10221.48	湖北	         14.36亿	20110222	
300205	天喻信息	-1.36	-7.14	17.68	-1.36	17.68	17.69	230987	-0.11	          5.44	18.77	18.80	17.25	19.04	   129.34	415570048	      42476.94	湖北	         75.10亿	20110421	
300207	欣旺达	-1.48	-4.96	28.35	-1.48	28.26	28.35	97560	0.35	          7.22	29.83	29.98	27.84	29.83	    60.83	275736128	      13507.67	深圳	         38.29亿	20110421	
300219	鸿利光电	-0.99	-7.52	12.17	-0.99	12.17	12.18	136502	0.08	         12.82	13.12	13.13	12.09	13.16	    40.97	170448368	      10650.16	广东	         12.96亿	20110518	
300220	金运激光	--  	--  	34.19	--  	--  	--  	0	--  	          0.00	--  	--  	--  	34.19	   332.57	0	       6527.31	湖北	         22.32亿	20110525	
300224	正海磁材	--  	--  	29.11	--  	--  	--  	0	--  	          0.00	--  	--  	--  	29.11	    59.46	0	      24000.00	山东	         69.86亿	20110531	
300227	光韵达	-0.96	-4.54	20.19	-0.96	20.18	20.19	86253	0.14	          6.44	21.20	21.24	19.91	21.15	   108.70	175650960	      13400.00	深圳	         27.05亿	20110608	
300242	明家科技	-4.17	-9.89	38.00	-4.17	37.99	38.00	38761	0.00	          9.29	42.30	42.40	37.95	42.17	  1185.85	150586368	       4174.18	广东	         15.86亿	20110712	
300256	星星科技	--  	--  	16.88	--  	--  	--  	0	--  	          0.00	--  	--  	--  	16.88	  2000.39	0	      10376.41	浙江	         17.52亿	20110819	
300279	和晶科技	-1.75	-5.53	29.87	-1.75	29.80	29.87	49361	0.94	          8.69	30.82	31.50	29.00	31.62	   146.72	147435536	       5679.60	江苏	         16.96亿	20111229	
300319	麦捷科技	--  	--  	10.64	--  	--  	--  	0	--  	          0.00	--  	--  	--  	10.64	    59.13	0	       5976.00	深圳	          6.36亿	20120523	
300331	苏大维格	-2.02	-4.77	40.36	-2.02	40.36	40.37	14164	-0.14	          2.58	42.16	42.16	39.09	42.38	   215.01	57707836	       5490.91	江苏	         22.16亿	20120628	
300333	兆日科技	0.21	0.57	37.28	0.21	37.28	37.29	64512	0.21	          7.95	37.05	38.13	35.20	37.07	    99.58	235837360	       8111.10	深圳	         30.24亿	20120628	
300340	科恒股份	-1.32	-5.84	21.30	-1.32	21.30	21.33	35963	-0.09	          4.96	22.61	22.61	20.89	22.62	--  	77990424	       7254.27	广东	         15.45亿	20120726	
300342	天银机电	-1.05	-5.52	17.97	-1.05	17.97	17.98	73203	0.00	         11.01	19.00	19.00	17.51	19.02	    39.41	133322000	       6650.00	江苏	         11.95亿	20120726	
300351	永贵电器	-3.88	-8.55	41.48	-3.88	41.47	41.48	46872	-0.04	         11.03	45.05	45.35	41.13	45.36	    59.33	198909184	       4251.00	浙江	         17.63亿	20120920	
300400	劲拓股份	-4.53	-10.00	40.77	-4.53	--  	40.77	62883	0.00	         31.44	43.89	44.49	40.77	45.30	   103.17	265354928	       2000.00	深圳	          8.15亿	20141010	
300408	三环集团	4.66	10.01	51.21	4.66	51.21	--  	422	0.00	          0.09	51.21	51.21	51.21	46.55	    36.31	2161062	       4600.00	广东	         23.56亿	20141203	
600083	博信股份	-0.95	-8.00	10.93	-0.95	10.91	10.94	84354	0.00	          3.73	12.00	12.00	10.69	11.88	   594.75	94013736	      22598.08	广东	         24.70亿	19970606	
600183	生益科技	-0.07	-0.95	7.27	-0.07	7.27	7.28	328524	0.13	          2.31	7.63	7.63	7.10	7.34	    18.47	240997024	     142301.81	广东	        103.45亿	19981028	
600203	福日电子	-0.65	-6.14	9.94	-0.65	9.94	9.95	123935	0.30	          5.15	10.55	10.58	9.80	10.59	    41.25	125036096	      24054.41	福建	         23.91亿	19990514	
600207	安彩高科	0.00	0.00	5.38	0.00	--  	--  	0	0.00	          0.00	--  	--  	--  	5.38	--  	0	      44000.00	河南	         23.67亿	19990714	
600237	铜峰电子	-0.37	-5.01	7.01	-0.37	7.01	7.02	254430	0.00	          4.51	7.40	7.41	6.97	7.38	--  	180669728	      56436.96	安徽	         39.56亿	20000609	
600330	天通股份	-0.35	-3.30	10.27	-0.35	10.27	10.28	188937	-0.09	          3.21	10.62	10.62	10.00	10.62	   436.63	195096560	      58881.83	浙江	         60.47亿	20010118	
600353	旭光股份	-0.54	-5.47	9.34	-0.54	9.35	9.36	131829	-0.63	          4.85	9.80	9.84	9.00	9.88	    29.43	124798112	      27186.00	四川	         25.39亿	20021120	
600355	精伦电子	-0.41	-4.69	8.33	-0.41	8.31	8.33	69229	-0.47	          2.81	8.72	8.72	8.20	8.74	--  	58510416	      24604.46	湖北	         20.50亿	20020613	
600363	联创光电	-0.48	-4.22	10.89	-0.48	10.88	10.89	234884	-0.27	          5.56	11.37	11.37	10.55	11.37	    35.98	258058720	      42280.67	江西	         46.04亿	20010329	
600478	科力远	-0.87	-3.55	23.61	-0.87	23.57	23.58	88012	-0.29	          1.86	24.40	24.40	23.01	24.48	--  	208822304	      47223.51	湖南	        111.49亿	20030918	
600563	法拉电子	-1.01	-3.22	30.33	-1.01	30.33	30.34	62185	0.13	          2.76	31.30	31.30	29.97	31.34	    22.50	189612016	      22500.00	福建	         68.24亿	20021210	
600602	仪电电子	-0.21	-3.04	6.69	-0.21	6.68	6.69	137662	0.14	          1.57	6.90	6.96	6.60	6.90	    99.44	92914176	      87957.25	上海	         58.84亿	19901219	
600707	彩虹股份	-0.51	-4.86	9.99	-0.51	9.99	10.00	208572	0.10	          2.84	10.47	10.47	9.95	10.50	--  	210766608	      73471.77	陕西	         73.40亿	19960520	
600747	大连控股	0.21	3.01	7.19	0.21	7.19	7.20	868652	0.27	          8.16	7.01	7.25	6.74	6.98	--  	615081536	     106432.84	辽宁	         76.53亿	19960916	
600980	北矿磁材	-0.84	-4.66	17.19	-0.84	17.18	17.19	37365	-0.23	          2.87	18.03	18.03	17.02	18.03	   530.34	64936552	      13000.00	北京	         22.35亿	20040512	
601231	环旭电子	-0.51	-1.51	33.28	-0.51	33.28	33.29	38057	-0.35	          3.56	33.49	33.74	31.98	33.79	    53.42	125455088	      10680.00	上海	         35.54亿	20120220	
603328	依顿电子	-1.20	-4.26	27.00	-1.20	26.99	27.01	81554	-0.07	          9.06	28.20	28.20	26.60	28.20	    37.73	222512720	       9000.00	广东	         24.30亿	20140701	
数据来源:通达信
