代码	名称	涨跌	涨幅%%	现价	涨跌	买价	卖价	总量	涨速%%	换手%%	今开	最高	最低	昨收	市盈(动)	总金额	流通股本(万)	地区	流通市值	上市日期	
000153	丰原药业	-0.56	-3.77	14.30	-0.56	14.29	14.30	76836	0.00	          2.59	14.85	14.85	14.01	14.86	    93.48	109902632	      29664.51	安徽	         42.42亿	20000920	
000566	海南海药	-0.12	-0.73	16.38	-0.12	16.38	16.39	109495	1.23	          2.31	16.50	16.59	16.10	16.50	    35.97	178739520	      47341.57	海南	         77.55亿	19940525	
000597	东北制药	-0.49	-3.99	11.78	-0.49	11.78	11.79	119339	0.00	          3.61	12.30	12.30	11.41	12.27	    71.52	142054096	      33099.16	辽宁	         38.99亿	19960523	
000606	青海明胶	-0.38	-4.90	7.37	-0.38	7.37	7.38	242661	0.00	          5.98	7.70	7.70	7.21	7.75	--  	180752048	      40596.35	青海	         29.92亿	19961004	
000739	普洛药业	-0.36	-4.16	8.29	-0.36	8.29	8.30	407012	-0.12	          5.40	8.64	8.64	8.11	8.65	    26.38	340862016	      75394.20	浙江	         62.50亿	19970509	
000756	新华制药	-0.38	-4.11	8.87	-0.38	8.86	8.87	199723	-0.11	          6.50	9.39	9.39	8.60	9.25	    63.25	178760480	      30731.27	山东	         27.26亿	19970806	
000788	北大医药	-0.16	-0.89	17.73	-0.16	17.73	17.74	251948	0.00	          4.51	17.81	18.14	17.33	17.89	   141.58	446303424	      55877.44	重庆	         99.07亿	19970616	
000952	广济药业	-0.35	-2.87	11.85	-0.35	11.84	11.85	81417	0.08	          3.23	12.18	12.18	11.65	12.20	--  	96523896	      25167.98	湖北	         29.82亿	19991112	
002001	新 和 成	-0.53	-3.36	15.26	-0.53	15.25	15.26	289385	-0.06	          2.70	15.80	15.92	14.91	15.79	    17.49	445110016	     107301.28	浙江	        163.74亿	20040625	
002019	亿帆鑫富	--  	--  	26.69	--  	--  	--  	0	--  	          0.00	--  	--  	--  	26.69	    79.11	0	      20541.85	浙江	         54.83亿	20040713	
002020	京新药业	-0.73	-3.72	18.90	-0.73	18.89	18.90	61694	0.15	          3.03	19.65	19.67	18.61	19.63	    43.65	117117664	      20373.47	浙江	         38.51亿	20040715	
002099	海翔药业	-0.45	-4.71	9.10	-0.45	9.10	9.11	110127	0.11	          4.24	9.56	9.56	9.00	9.55	   632.28	101587632	      25946.09	浙江	         23.61亿	20061226	
002262	恩华药业	-0.44	-1.65	26.20	-0.44	26.19	26.20	22525	-0.11	          0.68	26.50	26.50	25.95	26.64	    42.36	58968092	      32916.23	江苏	         86.24亿	20080723	
002294	信立泰	-0.75	-2.02	36.40	-0.75	36.37	36.40	70829	-0.02	          2.47	37.25	37.45	35.31	37.15	    23.75	257320576	      28698.46	深圳	        104.46亿	20090910	
002370	亚太药业	-0.56	-3.01	18.02	-0.56	18.02	18.07	35053	-0.33	          2.43	18.55	18.69	17.40	18.58	    98.54	63221004	      14417.91	浙江	         25.98亿	20100316	
002393	力生制药	-0.88	-2.43	35.30	-0.88	35.27	35.30	44086	-0.02	          2.43	36.20	36.29	34.27	36.18	    44.76	155431056	      18165.82	天津	         64.13亿	20100423	
002399	海普瑞	-0.81	-2.98	26.39	-0.81	26.32	26.39	90600	-0.78	          1.13	27.19	27.19	25.86	27.20	    70.68	238298032	      80020.00	深圳	        211.17亿	20100506	
002422	科伦药业	-1.25	-3.77	31.87	-1.25	31.87	31.88	101115	0.06	          2.85	33.12	33.13	31.76	33.12	    20.84	325780672	      35488.73	四川	        113.10亿	20100603	
002437	誉衡药业	--  	--  	23.75	--  	--  	--  	0	--  	          0.00	--  	--  	--  	23.75	    43.72	0	      70000.00	黑龙江	        166.25亿	20100623	
002653	海思科	-0.80	-4.02	19.10	-0.80	19.09	19.10	92826	0.15	          5.20	19.95	19.98	18.85	19.90	    43.40	179160624	      17864.27	西藏	         34.12亿	20120117	
002675	东诚药业	--  	--  	24.18	--  	--  	--  	0	--  	          0.00	--  	--  	--  	24.18	    39.89	0	      11869.20	山东	         28.70亿	20120525	
002688	金河生物	-0.86	-4.92	16.62	-0.86	16.61	16.62	70295	0.00	          6.48	17.50	17.53	16.20	17.48	    43.72	118037392	      10849.66	内蒙	         18.03亿	20120713	
002693	双成药业	--  	--  	13.81	--  	--  	--  	0	--  	          0.00	--  	--  	--  	13.81	    73.75	0	      13371.20	海南	         18.47亿	20120808	
300006	莱美药业	-1.27	-3.92	31.11	-1.27	31.10	31.11	49035	0.03	          3.64	32.39	32.60	30.01	32.38	--  	152172320	      13483.51	重庆	         41.95亿	20091030	
300086	康芝药业	-1.65	-9.94	14.95	-1.65	14.94	14.95	231269	0.06	          8.08	16.50	16.50	14.94	16.60	    92.98	355533792	      28612.32	海南	         42.78亿	20100526	
300110	华仁药业	-0.39	-4.84	7.67	-0.39	7.67	7.68	195023	-0.26	          3.02	8.08	8.10	7.57	8.06	    67.10	151018400	      64546.64	山东	         49.51亿	20100825	
300194	福安药业	-0.34	-1.41	23.81	-0.34	23.81	23.84	22233	0.00	          1.73	24.15	24.15	23.02	24.15	   117.58	52519016	      12880.26	重庆	         30.67亿	20110322	
300199	翰宇药业	-1.38	-4.24	31.17	-1.38	31.17	31.19	85584	0.54	          4.29	32.50	32.63	29.30	32.55	    88.84	261133376	      19945.86	深圳	         62.17亿	20110407	
300233	金城医药	-1.90	-4.09	44.55	-1.90	44.54	44.55	19656	0.42	          1.62	46.02	46.65	42.10	46.45	    55.39	87284624	      12100.00	山东	         53.91亿	20110622	
300254	仟源医药	-2.17	-5.25	39.14	-2.17	39.14	39.60	30277	-2.80	          3.69	42.00	42.00	38.22	41.31	   125.21	119842632	       8201.00	山西	         32.10亿	20110819	
300267	尔康制药	1.58	4.05	40.56	1.58	40.56	40.57	66573	-0.02	          2.91	38.84	41.27	36.77	38.98	    69.95	263474560	      22846.50	湖南	         92.67亿	20110927	
300363	博腾股份	-7.51	-9.08	75.20	-7.51	75.20	75.28	14770	-0.56	          5.42	81.90	81.90	75.20	82.71	    92.07	115678752	       2725.00	重庆	         20.49亿	20140129	
300406	九强生物	-5.48	-5.76	89.70	-5.48	89.69	89.70	48740	0.11	         19.95	95.00	95.00	88.52	95.18	    53.74	445654560	       2443.00	北京	         21.91亿	20141030	
600062	华润双鹤	-0.81	-3.68	21.21	-0.81	21.20	21.21	191465	0.04	          3.35	22.05	22.06	20.85	22.02	    21.17	410888800	      57169.58	北京	        121.26亿	19970522	
600079	人福医药	-0.17	-0.64	26.49	-0.17	26.48	26.49	178157	-0.15	          3.52	26.85	27.24	26.01	26.66	    32.04	473669952	      50592.05	湖北	        134.02亿	19970606	
600196	复星医药	0.60	2.80	22.03	0.60	22.03	22.04	690856	-0.04	          3.63	21.71	22.97	21.30	21.43	    24.26	1532494336	     190439.23	上海	        419.54亿	19980807	
600216	浙江医药	-0.36	-3.18	10.95	-0.36	10.95	10.96	404848	0.18	          4.32	11.32	11.37	10.74	11.31	    25.88	446482560	      93610.38	浙江	        102.50亿	19991021	
600267	海正药业	-0.27	-1.57	16.94	-0.27	16.95	16.96	265304	-0.23	          3.16	17.15	17.54	16.60	17.21	    54.03	450312352	      83970.90	浙江	        142.25亿	20000725	
600276	恒瑞医药	-0.33	-0.87	37.46	-0.33	37.40	37.50	235662	0.26	          1.58	37.90	38.03	36.25	37.79	    37.83	879516864	     149624.31	江苏	        560.49亿	20001018	
600297	美罗药业	0.00	0.00	10.31	0.00	--  	--  	0	0.00	          0.00	--  	--  	--  	10.31	    99.89	0	      35000.00	辽宁	         36.09亿	20001116	
600380	健康元	-0.46	-5.89	7.35	-0.46	7.35	7.36	352568	-0.67	          2.28	7.81	7.85	7.20	7.81	    28.11	263244448	     154583.59	深圳	        113.62亿	20010608	
600420	现代制药	-0.75	-3.23	22.48	-0.75	22.47	22.49	60161	-0.08	          2.09	23.12	23.16	22.27	23.23	    38.87	136158784	      28773.33	上海	         64.68亿	20040616	
600488	天药股份	-0.18	-2.91	6.00	-0.18	6.00	6.01	419715	-0.16	          4.70	6.18	6.18	5.84	6.18	    73.55	252072848	      89228.49	天津	         53.54亿	20010618	
600513	联环药业	-0.59	-3.48	16.37	-0.59	16.38	16.39	47026	0.00	          3.09	16.89	16.89	16.20	16.96	    56.27	77548360	      15210.00	江苏	         24.90亿	20030319	
600521	华海药业	1.01	6.70	16.08	1.01	16.07	16.08	376977	0.49	          4.83	15.05	16.58	14.95	15.07	    46.81	597838976	      78087.79	浙江	        125.57亿	20030304	
600664	哈药股份	-0.32	-3.73	8.25	-0.32	8.24	8.25	590410	0.00	          5.60	8.56	8.58	8.00	8.57	    36.44	489043104	     105338.95	黑龙江	         86.90亿	19930629	
600666	西南药业	-0.62	-3.97	14.98	-0.62	14.98	14.99	117771	0.33	          4.06	15.68	15.68	14.51	15.60	   117.22	178218528	      29014.63	重庆	         43.46亿	19930712	
600771	广誉远	-0.74	-2.88	24.93	-0.74	24.90	24.93	45774	0.52	          2.41	25.65	25.97	24.74	25.67	  2436.32	115164912	      18976.01	青海	         47.31亿	19961105	
600789	鲁抗医药	-0.45	-4.82	8.89	-0.45	8.89	8.90	396422	-0.22	          6.82	9.35	9.38	8.58	9.34	--  	357208832	      58157.55	山东	         51.70亿	19970226	
600812	华北制药	-0.28	-3.86	6.98	-0.28	6.97	6.98	389831	0.00	          3.79	7.35	7.37	6.83	7.26	   379.28	275038592	     102857.75	河北	         71.79亿	19940114	
600829	三精制药	0.01	0.09	11.44	0.01	11.44	11.45	176741	-0.17	          3.05	11.65	11.75	10.70	11.43	    73.51	199359040	      57988.85	黑龙江	         66.34亿	19940224	
603168	莎普爱思	-4.52	-4.61	93.61	-4.52	93.60	93.79	16199	-0.19	          9.92	97.88	97.89	92.60	98.13	    45.90	153480864	       1633.60	浙江	         15.29亿	20140702	
603456	九洲药业	-1.63	-4.29	36.36	-1.63	36.40	36.45	48814	0.05	          9.39	37.71	37.74	36.18	37.99	    52.82	179559840	       5196.00	浙江	         18.89亿	20141010	
603998	N方盛	6.53	43.97	21.38	6.53	21.38	--  	324	0.00	          0.12	17.82	21.38	17.82	14.85	    27.63	689152	       2726.00	湖南	          5.83亿	20141205	
数据来源:通达信
