代码	名称	涨跌	涨幅%%	现价	涨跌	买价	卖价	总量	涨速%%	换手%%	今开	最高	最低	昨收	市盈(动)	总金额	流通股本(万)	地区	流通市值	上市日期	
000510	金路集团	-0.34	-4.53	7.16	-0.34	7.16	7.17	251256	0.00	          4.12	7.50	7.52	7.07	7.50	--  	182143968	      60912.23	四川	         43.61亿	19930507	
000545	金浦钛业	-0.57	-3.89	14.10	-0.57	14.10	14.11	70897	0.00	          4.53	14.66	14.66	13.60	14.67	   117.24	100373568	      15637.36	吉林	         22.05亿	19931215	
000627	天茂集团	--  	--  	4.10	--  	--  	--  	0	--  	          0.00	--  	--  	--  	4.10	    28.37	0	     135358.98	湖北	         55.50亿	19961112	
000635	英 力 特	-0.60	-4.94	11.55	-0.60	11.54	11.55	83453	-0.08	          4.71	12.16	12.16	11.35	12.15	    33.22	97823160	      17706.10	宁夏	         20.45亿	19961120	
000683	远兴能源	-0.34	-6.03	5.30	-0.34	5.30	5.31	390989	-0.18	          5.09	5.64	5.68	5.20	5.64	    30.50	210572576	      76781.39	内蒙	         40.69亿	19970131	
000698	沈阳化工	-0.30	-5.50	5.15	-0.30	5.14	5.15	223440	0.00	          3.56	5.43	5.43	5.09	5.45	--  	116833688	      62709.67	辽宁	         32.30亿	19970220	
000707	双环科技	-0.25	-4.50	5.30	-0.25	5.29	5.30	130840	-0.18	          2.82	5.54	5.55	5.20	5.55	   151.02	70233912	      46414.33	湖北	         24.60亿	19970415	
000755	*ST三维	-0.25	-4.62	5.16	-0.25	5.16	5.17	146202	0.19	          3.12	5.40	5.40	5.14	5.41	   103.45	76123456	      46924.89	山西	         24.21亿	19970627	
000818	方大化工	-0.25	-5.35	4.42	-0.25	4.42	4.43	243142	0.22	          5.88	4.68	4.68	4.32	4.67	    53.65	109249624	      41382.21	辽宁	         18.29亿	19971017	
000822	*ST海化	-0.24	-4.99	4.57	-0.24	--  	4.57	254002	0.00	          2.84	4.77	4.85	4.57	4.81	    38.67	118401536	      89508.31	山东	         40.91亿	19980703	
000985	大庆华科	-1.06	-5.94	16.80	-1.06	16.80	16.81	26989	0.23	          2.08	17.66	17.70	16.08	17.86	    83.56	45833952	      12963.95	黑龙江	         21.78亿	20000726	
000990	诚志股份	-1.35	-7.46	16.74	-1.35	16.72	16.74	59372	0.84	          2.00	18.10	18.10	16.28	18.09	   227.41	100604528	      29702.83	江西	         49.72亿	20000706	
002037	久联发展	0.95	5.59	17.95	0.95	17.90	17.95	100442	-0.16	          3.07	17.20	18.16	16.86	17.00	    30.70	176628896	      32736.82	贵州	         58.76亿	20040908	
002053	云南盐化	-1.63	-8.41	17.76	-1.63	17.76	17.78	91731	-0.33	          4.94	19.31	19.31	17.70	19.39	   191.45	167957632	      18585.10	云南	         33.01亿	20060627	
002054	德美化工	-0.31	-3.02	9.97	-0.31	9.96	9.97	89710	0.10	          3.73	10.27	10.27	9.85	10.28	    34.13	89449224	      24029.83	广东	         23.96亿	20060725	
002061	江山化工	-0.34	-5.90	5.42	-0.34	5.42	5.43	194300	0.55	          4.75	5.75	5.80	5.35	5.76	--  	106744368	      40887.76	浙江	         22.16亿	20060816	
002068	黑猫股份	-0.45	-5.46	7.79	-0.45	7.78	7.79	288191	-0.12	          6.01	8.21	8.21	7.50	8.24	    45.70	225266608	      47969.92	江西	         37.37亿	20060915	
002092	中泰化学	-0.21	-2.67	7.65	-0.21	7.64	7.65	526931	0.00	          4.24	7.87	7.99	7.52	7.86	    31.72	408720160	     124236.88	新疆	         95.04亿	20061208	
002096	南岭民爆	-0.44	-3.50	12.12	-0.44	12.10	12.12	67084	0.00	          2.54	12.55	12.55	11.86	12.56	    28.95	81410824	      26386.01	湖南	         31.98亿	20061222	
002109	兴化股份	-0.35	-5.41	6.12	-0.35	6.11	6.12	141230	0.00	          3.94	6.45	6.46	6.06	6.47	--  	87766576	      35840.00	陕西	         21.93亿	20070126	
002125	湘潭电化	--  	--  	12.87	--  	--  	--  	0	--  	          0.00	--  	--  	--  	12.87	--  	0	      13912.80	湖南	         17.91亿	20070403	
002136	安 纳 达	-0.45	-4.14	10.42	-0.45	10.42	10.43	56405	0.09	          2.64	10.81	10.91	10.21	10.87	--  	59377184	      21328.78	安徽	         22.22亿	20070530	
002145	中核钛白	0.17	1.27	13.52	0.17	13.51	13.52	268645	0.82	         14.42	13.30	13.52	12.05	13.35	   122.09	344378784	      18630.73	甘肃	         25.19亿	20070803	
002165	红 宝 丽	-0.28	-4.08	6.58	-0.28	6.58	6.59	181413	0.00	          3.44	6.86	6.86	6.47	6.86	    32.93	120575552	      52725.80	江苏	         34.69亿	20070913	
002192	路翔股份	-0.82	-3.66	21.60	-0.82	21.59	21.60	44521	-0.09	          4.37	22.38	22.40	21.00	22.42	--  	96498568	      10186.04	广东	         22.00亿	20071205	
002217	*ST合泰	--  	--  	10.21	--  	--  	--  	0	--  	          0.00	--  	--  	--  	10.21	    70.45	0	      25385.73	山东	         25.92亿	20080220	
002226	江南化工	-0.53	-4.42	11.45	-0.53	11.45	11.46	148264	-0.43	          3.75	12.00	12.05	11.34	11.98	    21.55	172710784	      39550.44	安徽	         45.29亿	20080506	
002246	北化股份	0.54	5.31	10.70	0.54	10.70	10.71	246863	0.00	          5.97	10.18	10.78	9.81	10.16	    69.21	258095456	      41368.64	四川	         44.26亿	20080605	
002250	联化科技	-0.84	-5.51	14.41	-0.84	14.41	14.42	154359	0.00	          2.88	15.25	15.44	14.40	15.25	    24.00	228688800	      53580.98	浙江	         77.21亿	20080619	
002326	永太科技	-0.37	-2.18	16.64	-0.37	16.63	16.64	90266	0.18	          6.24	16.94	17.50	16.38	17.01	    75.68	152462496	      14475.37	浙江	         24.09亿	20091222	
002341	新纶科技	--  	--  	21.28	--  	--  	--  	0	--  	          0.00	--  	--  	--  	21.28	    73.98	0	      25085.19	深圳	         53.38亿	20100122	
002360	同德化工	-0.45	-5.09	8.39	-0.45	8.39	8.40	97148	0.00	          4.21	8.83	8.83	8.29	8.84	    26.06	82965176	      23059.14	山西	         19.35亿	20100303	
002361	神剑股份	-0.54	-5.58	9.13	-0.54	9.13	9.14	79991	-0.21	          4.52	9.67	9.67	9.02	9.67	    34.38	73953960	      17698.19	安徽	         16.16亿	20100303	
002377	国创高新	-0.28	-3.55	7.60	-0.28	7.60	7.61	95541	0.00	          2.23	7.88	7.90	7.51	7.88	   289.54	73429288	      42800.00	湖北	         32.53亿	20100323	
002386	天原集团	-0.48	-4.77	9.58	-0.48	9.58	9.59	69605	0.00	          1.45	10.03	10.03	9.49	10.06	--  	67657120	      47975.17	四川	         45.96亿	20100409	
002407	多氟多	-0.91	-4.54	19.15	-0.91	19.15	19.16	91501	0.00	          4.95	20.05	20.05	18.89	20.06	   297.24	177188048	      18486.52	河南	         35.40亿	20100518	
002408	齐翔腾达	-0.61	-3.47	16.96	-0.61	16.95	16.96	73000	-0.17	          1.33	17.57	17.59	16.75	17.57	    24.40	124504224	      54861.69	山东	         93.05亿	20100518	
002409	雅克科技	-0.82	-3.91	20.16	-0.82	20.15	20.16	18081	0.04	          2.19	20.99	20.99	20.01	20.98	    52.47	36707672	       8253.00	江苏	         16.64亿	20100525	
002411	九九久	--  	--  	9.79	--  	--  	--  	0	--  	          0.00	--  	--  	--  	9.79	  3643.01	0	      24652.01	江苏	         24.13亿	20100525	
002442	龙星化工	--  	--  	8.06	--  	--  	--  	0	--  	          0.00	--  	--  	--  	8.06	   938.82	0	      24228.31	河北	         19.53亿	20100706	
002450	康得新	-0.76	-2.39	31.09	-0.76	31.08	31.09	278916	0.35	          2.95	31.70	31.76	29.82	31.85	    31.45	849456256	      94531.45	江苏	        293.90亿	20100716	
002453	天马精化	-0.39	-4.91	7.55	-0.39	7.55	7.56	186831	-0.52	          3.49	7.94	7.94	7.51	7.94	    80.08	143079328	      53588.78	江苏	         40.46亿	20100720	
002455	百川股份	-0.56	-5.28	10.04	-0.56	10.03	10.04	54647	-0.29	          4.12	10.55	10.59	10.02	10.60	    47.98	55647792	      13252.91	江苏	         13.31亿	20100803	
002466	天齐锂业	-1.59	-3.10	49.77	-1.59	49.72	49.77	17869	0.20	          3.35	51.35	51.36	48.80	51.36	   394.76	88785640	       5328.29	四川	         26.52亿	20100831	
002476	宝莫股份	-0.37	-4.09	8.67	-0.37	8.67	8.68	178530	-0.23	          2.95	9.05	9.05	8.50	9.04	   102.13	157003760	      60431.51	山东	         52.39亿	20100915	
002497	雅化集团	-0.53	-3.99	12.76	-0.53	12.76	12.77	178447	0.00	          5.31	13.24	13.29	12.51	13.29	    27.70	228718352	      33596.80	四川	         42.87亿	20101109	
002562	兄弟科技	-0.74	-5.02	14.00	-0.74	14.00	14.01	40136	0.00	          3.73	14.73	14.73	13.89	14.74	    83.57	56837352	      10753.59	浙江	         15.06亿	20110310	
002581	万昌科技	-0.94	-2.23	41.18	-0.94	41.18	41.20	38039	0.00	          3.36	41.16	42.20	40.00	42.12	    62.61	156963104	      11314.66	山东	         46.59亿	20110520	
002584	西陇化工	-0.99	-4.55	20.76	-0.99	20.75	20.76	34124	-0.14	          3.81	21.73	21.73	19.60	21.75	    53.08	70725136	       8958.20	广东	         18.60亿	20110602	
002597	金禾实业	-0.59	-3.67	15.48	-0.59	15.44	15.48	44022	0.32	          1.60	16.01	16.06	14.60	16.07	    25.01	68291280	      27548.77	安徽	         42.65亿	20110707	
002601	佰利联	-1.00	-4.35	21.97	-1.00	21.97	21.98	69779	-0.09	          4.27	23.06	23.06	21.63	22.97	   121.70	155064192	      16341.03	河南	         35.90亿	20110715	
002632	道明光学	-1.10	-5.42	19.20	-1.10	19.20	19.21	23338	-0.05	          1.69	20.30	20.30	18.96	20.30	    89.23	45468760	      13828.09	浙江	         26.55亿	20111122	
002643	烟台万润	-0.78	-4.94	15.02	-0.78	15.02	15.03	66026	-0.46	          3.56	15.80	15.87	14.76	15.80	    49.16	100644512	      18553.55	山东	         27.87亿	20111220	
002648	卫星石化	-0.53	-3.81	13.38	-0.53	13.36	13.38	132972	0.07	          6.65	13.89	13.90	13.20	13.91	    35.66	179889792	      20000.00	浙江	         26.76亿	20111228	
002666	德联集团	-0.45	-2.39	18.34	-0.45	18.33	18.34	59467	0.05	          5.24	18.55	19.00	17.88	18.79	    44.27	109729816	      11346.62	广东	         20.81亿	20120327	
002669	康达新材	-0.34	-2.17	15.36	-0.34	15.36	15.37	37592	-0.13	          5.20	15.71	15.72	15.10	15.70	    50.52	57540484	       7226.77	上海	         11.10亿	20120416	
002683	宏大爆破	-1.32	-4.55	27.71	-1.32	27.63	27.71	55764	0.47	          5.30	29.19	29.19	26.31	29.03	    45.19	153769376	      10524.55	广东	         29.16亿	20120612	
002709	天赐材料	-1.95	-5.05	36.65	-1.95	36.65	36.66	19861	0.13	          6.60	38.29	38.30	36.35	38.60	    65.53	73659352	       3010.50	广东	         11.03亿	20140123	
300019	硅宝科技	-0.83	-4.41	17.98	-0.83	17.98	17.99	33581	-0.05	          3.13	18.65	18.71	17.94	18.81	    37.28	61033056	      10745.41	四川	         19.32亿	20091030	
300037	新宙邦	--  	--  	42.93	--  	--  	--  	0	--  	          0.00	--  	--  	--  	42.93	    55.58	0	      10106.87	深圳	         43.39亿	20100108	
300041	回天新材	-0.50	-2.16	22.60	-0.50	22.60	22.61	49416	0.00	          3.82	23.10	23.10	21.68	23.10	    37.44	109624656	      12935.03	湖北	         29.23亿	20100108	
300054	鼎龙股份	-0.31	-1.82	16.75	-0.31	16.75	16.76	78656	0.23	          2.68	17.03	17.03	16.00	17.06	    58.52	130591728	      29331.75	湖北	         49.13亿	20100211	
300072	三聚环保	-1.51	-5.64	25.24	-1.51	25.23	25.24	149000	0.15	          3.25	26.50	26.57	24.90	26.75	    34.34	380021312	      45855.16	北京	        115.74亿	20100427	
300082	奥克股份	-0.67	-4.48	14.27	-0.67	14.26	14.27	50501	-0.20	          1.50	14.94	14.94	14.10	14.94	    39.33	72933968	      33692.10	辽宁	         48.08亿	20100520	
300107	建新股份	-0.74	-5.70	12.25	-0.74	12.22	12.25	78566	-0.24	          4.70	13.00	13.05	12.00	12.99	    65.64	97491832	      16710.00	河北	         20.47亿	20100820	
300108	双龙股份	--  	--  	17.04	--  	--  	--  	0	--  	          0.00	--  	--  	--  	17.04	   103.64	0	       8108.75	吉林	         13.82亿	20100825	
300109	新开源	0.46	1.31	35.46	0.46	35.46	35.48	96696	0.56	         12.03	35.01	37.18	32.44	35.00	   130.98	340262496	       8041.25	河南	         28.51亿	20100825	
300121	阳谷华泰	-0.43	-4.15	9.94	-0.43	9.94	9.95	47632	-0.20	          3.61	10.38	10.38	9.83	10.37	    96.64	47750324	      13211.95	山东	         13.13亿	20100917	
300132	青松股份	-0.33	-4.19	7.55	-0.33	7.54	7.55	144482	0.00	          6.12	7.88	7.88	7.36	7.88	    45.03	109852512	      23600.98	福建	         17.82亿	20101026	
300135	宝利沥青	-0.50	-5.63	8.38	-0.50	8.37	8.38	177165	-0.23	          4.87	8.81	8.87	8.19	8.88	    63.58	149950864	      36358.30	江苏	         30.47亿	20101026	
300174	元力股份	-0.82	-5.80	13.31	-0.82	13.30	13.31	41543	-0.07	          6.30	14.18	14.18	13.24	14.13	   184.08	56094296	       6594.43	福建	          8.78亿	20110201	
300200	高盟新材	-0.74	-5.07	13.85	-0.74	13.84	13.85	96049	0.21	         10.18	14.49	14.49	13.40	14.59	    64.20	133925288	       9430.83	北京	         13.06亿	20110407	
300214	日科化学	-0.29	-4.51	6.14	-0.29	6.14	6.15	123392	-0.16	          4.59	6.45	6.45	5.98	6.43	    49.08	76453072	      26865.84	山东	         16.50亿	20110511	
300236	上海新阳	-1.77	-4.63	36.50	-1.77	36.50	36.54	10575	0.44	          1.12	38.00	38.05	35.89	38.27	    65.36	38795544	       9422.57	上海	         34.39亿	20110629	
300243	瑞丰高材	-0.56	-6.08	8.65	-0.56	8.64	8.65	97627	-0.11	          7.34	9.15	9.23	8.50	9.21	    48.00	86381480	      13302.63	山东	         11.51亿	20110712	
300285	国瓷材料	-1.71	-4.72	34.55	-1.71	34.55	34.60	10611	-0.14	          3.29	36.30	36.38	33.77	36.26	    75.31	37182016	       3226.39	山东	         11.15亿	20120113	
300343	联创节能	--  	--  	27.57	--  	--  	--  	0	--  	          0.00	--  	--  	--  	27.57	   126.68	0	       2888.00	山东	          7.96亿	20120801	
300387	富邦股份	-3.59	-5.95	56.70	-3.59	56.70	56.75	14411	-0.17	         11.09	60.30	60.30	55.80	60.29	    74.02	83060520	       1299.00	湖北	          7.37亿	20140702	
300405	科隆精化	-3.03	-5.10	56.37	-3.03	56.36	56.37	21694	-0.01	         12.76	59.45	59.45	56.13	59.40	    73.07	123367528	       1700.00	辽宁	          9.58亿	20141030	
600075	*ST新业	-0.23	-3.28	6.78	-0.23	6.78	6.79	79519	0.00	          1.81	7.03	7.03	6.74	7.01	    51.19	54608040	      43859.19	新疆	         29.74亿	19970617	
600078	澄星股份	-0.17	-1.90	8.79	-0.17	8.78	8.79	126781	-0.56	          1.91	8.99	9.01	8.37	8.96	   162.21	111918304	      66257.28	江苏	         58.24亿	19970627	
600091	ST明科	0.00	0.00	7.02	0.00	--  	--  	0	0.00	          0.00	--  	--  	--  	7.02	--  	0	      33652.60	内蒙	         23.62亿	19970704	
600135	乐凯胶片	-0.55	-3.91	13.50	-0.55	13.51	13.52	169962	0.22	          4.97	13.94	13.94	13.00	14.05	   138.32	230296416	      34200.00	河北	         46.17亿	19980122	
600141	兴发集团	-0.79	-5.41	13.80	-0.79	13.81	13.82	237966	-0.43	          5.85	14.53	14.59	13.61	14.59	    11.49	334485056	      40687.71	湖北	         56.15亿	19990616	
600155	宝硕股份	0.32	2.75	11.97	0.32	11.95	11.96	473258	-0.24	         11.47	11.65	12.50	10.65	11.65	--  	545953280	      41250.00	河北	         49.38亿	19980918	
600160	巨化股份	-0.38	-5.48	6.55	-0.38	6.55	6.56	561281	-0.15	          3.10	6.90	6.94	6.46	6.93	    76.43	373993440	     181091.59	浙江	        118.61亿	19980626	
600228	*ST昌九	-0.38	-3.23	11.40	-0.38	11.40	11.41	80404	-0.69	          3.33	11.78	12.12	11.19	11.78	--  	93140248	      24132.00	江西	         27.51亿	19990119	
600229	青岛碱业	0.00	0.00	6.05	0.00	--  	--  	0	0.00	          0.00	--  	--  	--  	6.05	    36.29	0	      39578.62	山东	         23.95亿	20000309	
600273	华芳纺织	-0.19	-2.09	8.90	-0.19	8.90	8.91	226145	0.33	          7.18	9.06	9.09	8.60	9.09	    20.04	199784416	      31500.00	浙江	         28.03亿	20030627	
600277	亿利能源	-0.23	-2.61	8.59	-0.23	8.57	8.58	817628	0.70	          3.91	8.77	8.89	8.25	8.82	    35.47	700098176	     208958.95	内蒙	        179.50亿	20000725	
600281	太化股份	-0.38	-5.21	6.91	-0.38	6.92	6.95	96902	-0.43	          1.88	7.20	7.23	6.69	7.29	  1405.69	67790840	      51440.19	山西	         35.55亿	20001109	
600299	*ST新材	-0.39	-4.51	8.25	-0.39	8.24	8.25	109465	0.00	          2.09	8.64	8.64	8.21	8.64	--  	90778632	      52270.76	北京	         43.12亿	20000420	
600301	ST南化	0.47	5.01	9.85	0.47	9.85	--  	59088	0.00	          2.51	9.30	9.85	8.91	9.38	--  	54318144	      23514.81	广西	         23.16亿	20000712	
600309	万华化学	0.06	0.31	19.32	0.06	19.35	19.36	562009	0.41	          2.60	19.56	19.90	18.78	19.26	    14.94	1089488896	     216233.45	山东	        417.76亿	20010105	
600319	亚星化学	-0.32	-4.92	6.18	-0.32	6.18	6.19	156020	0.00	          4.94	6.50	6.50	6.02	6.50	--  	97197472	      31559.40	山东	         19.50亿	20010326	
600328	兰太实业	-0.49	-4.66	10.03	-0.49	10.02	10.03	124403	0.29	          3.46	10.50	10.51	9.89	10.52	   222.10	126199968	      35911.80	内蒙	         36.02亿	20001222	
600367	红星发展	-0.59	-5.02	11.16	-0.59	11.15	11.16	102419	0.00	          3.52	11.73	11.73	10.93	11.75	   391.01	115508904	      29120.00	贵州	         32.50亿	20010320	
600378	天科股份	-0.15	-1.04	14.25	-0.15	14.24	14.25	46435	-0.21	          1.56	14.50	14.53	13.80	14.40	    62.92	66124080	      29719.33	四川	         42.35亿	20010111	
600409	三友化工	-0.30	-4.36	6.58	-0.30	6.57	6.58	617796	-0.15	          3.70	6.89	7.05	6.45	6.88	    24.56	414520224	     166971.91	河北	        109.87亿	20030618	
600481	双良节能	-0.69	-5.91	10.98	-0.69	10.97	10.98	327787	0.18	          4.05	11.68	11.70	10.85	11.67	    27.95	366394048	      81010.45	江苏	         88.95亿	20030422	
600490	鹏欣资源	-0.37	-2.69	13.39	-0.37	13.40	13.47	217159	-0.07	          2.58	13.79	13.88	12.98	13.76	   280.21	292338464	      84150.00	上海	        112.68亿	20030626	
600618	氯碱化工	-0.45	-4.94	8.66	-0.45	8.66	8.67	105416	-0.11	          1.41	9.14	9.15	8.59	9.11	--  	92740320	      74984.00	上海	         64.94亿	19921113	
600636	三爱富	-0.67	-4.43	14.45	-0.67	14.45	14.46	160593	-0.06	          4.20	15.06	15.11	14.31	15.12	   217.14	235327872	      38195.05	上海	         55.19亿	19930316	
600722	金牛化工	-0.30	-5.58	5.08	-0.30	5.08	5.09	140362	-0.19	          3.33	5.35	5.35	5.06	5.38	--  	72486608	      42142.00	河北	         21.41亿	19960626	
600746	江苏索普	-0.37	-4.16	8.52	-0.37	8.51	8.53	55167	0.11	          1.81	8.96	8.96	8.47	8.89	   191.04	47610760	      30466.08	江苏	         25.96亿	19960918	
600844	丹化科技	-0.42	-5.38	7.39	-0.42	7.38	7.39	228245	0.00	          3.90	7.79	7.83	7.21	7.81	   661.53	171033056	      58482.69	上海	         43.22亿	19940311	
600985	雷鸣科化	-0.77	-4.45	16.55	-0.77	16.57	16.58	32604	1.34	          2.52	17.28	17.28	16.11	17.32	    23.88	54119252	      12960.00	安徽	         21.45亿	20040428	
601208	东材科技	-0.46	-4.77	9.19	-0.46	9.18	9.19	166401	-0.21	          2.94	9.63	9.67	9.04	9.65	    41.37	154954896	      56607.32	四川	         52.02亿	20110520	
601216	内蒙君正	0.00	0.00	10.44	0.00	--  	--  	0	0.00	          0.00	--  	--  	--  	10.44	    26.81	0	     204800.00	内蒙	        213.81亿	20110222	
601678	滨化股份	-0.44	-4.49	9.36	-0.44	9.36	9.37	258724	0.00	          3.92	9.83	9.86	9.20	9.80	    14.68	245426608	      66000.00	山东	         61.78亿	20100223	
603002	宏昌电子	-0.30	-3.49	8.29	-0.30	8.28	8.29	144397	-0.24	          7.60	8.56	8.58	8.13	8.59	    50.65	120591992	      19000.00	广东	         15.75亿	20120518	
603010	万盛股份	-1.91	-6.19	28.96	-1.91	28.91	28.99	34189	-0.13	         13.68	30.77	30.77	28.40	30.87	    63.86	100391008	       2500.00	浙江	          7.24亿	20141010	
603077	和邦股份	-0.13	-1.10	11.72	-0.13	11.75	11.76	178212	2.09	          5.94	11.80	11.84	11.00	11.85	    12.83	203914656	      30000.00	四川	         35.16亿	20120731	
数据来源:通达信
