代码	名称	涨跌	涨幅%%	现价	涨跌	买价	卖价	总量	涨速%%	换手%%	今开	最高	最低	昨收	市盈(动)	总金额	流通股本(万)	地区	流通市值	上市日期	
002079	苏州固锝	-0.27	-3.18	8.22	-0.27	8.19	8.22	282876	0.61	          3.90	8.45	8.45	7.92	8.49	   135.04	231107728	      72491.09	江苏	         59.59亿	20061116	
002119	康强电子	-0.43	-3.14	13.27	-0.43	13.27	13.30	52307	-0.30	          2.69	13.70	14.10	12.93	13.70	   610.05	70786656	      19420.00	浙江	         25.77亿	20070302	
002129	中环股份	-0.82	-3.76	21.01	-0.82	21.01	21.05	114329	-0.19	          1.58	21.83	21.96	20.82	21.83	   163.61	242822896	      72335.17	天津	        151.98亿	20070420	
002156	通富微电	-0.14	-1.55	8.88	-0.14	8.88	8.89	108725	-0.22	          1.67	9.12	9.15	8.62	9.02	    50.28	96300560	      64986.67	江苏	         57.71亿	20070816	
002185	华天科技	-0.56	-3.90	13.80	-0.56	13.79	13.80	256459	-0.21	          3.87	14.33	14.33	13.61	14.36	    30.56	355796736	      66276.22	甘肃	         91.46亿	20071120	
002218	拓日新能	-0.38	-3.85	9.50	-0.38	9.49	9.50	100163	0.00	          2.09	9.89	9.90	9.31	9.88	   337.88	96199568	      47959.26	深圳	         45.56亿	20080228	
002371	七星电子	0.06	0.23	25.85	0.06	25.84	25.85	44632	0.38	          1.34	25.85	25.88	24.88	25.79	   190.24	113191416	      33281.44	北京	         86.03亿	20100316	
002449	国星光电	-0.63	-5.04	11.86	-0.63	11.85	11.86	134842	0.08	          4.59	12.43	12.43	11.50	12.49	    38.08	161499312	      29364.30	广东	         34.83亿	20100716	
002504	东光微电	-0.22	-1.30	16.70	-0.22	16.69	16.70	43423	0.24	          4.37	16.92	16.98	16.10	16.92	--  	71590824	       9935.99	北京	         16.59亿	20101118	
002638	勤上光电	--  	--  	14.43	--  	--  	--  	0	--  	          0.00	--  	--  	--  	14.43	    44.43	0	      36564.80	广东	         52.76亿	20111125	
002654	万润科技	-0.60	-4.04	14.26	-0.60	14.26	14.27	34462	0.00	          4.84	14.86	14.89	14.18	14.86	    55.18	49437272	       7124.00	深圳	         10.16亿	20120217	
002724	海洋王	-2.34	-6.80	32.07	-2.34	32.07	32.08	90231	-0.03	         18.05	34.00	34.67	31.51	34.41	   108.49	298488352	       5000.00	深圳	         16.03亿	20141104	
300029	天龙光电	-0.21	-2.08	9.88	-0.21	9.86	9.88	103349	0.40	          5.34	10.01	10.09	9.40	10.09	--  	100725224	      19345.66	江苏	         19.11亿	20091225	
300046	台基股份	-0.75	-4.69	15.23	-0.75	15.23	15.24	49396	0.06	          4.63	15.88	15.94	15.05	15.98	    47.60	76062128	      10680.00	湖北	         16.27亿	20100120	
300053	欧比特	-0.09	-0.38	23.70	-0.09	23.60	23.70	119366	0.25	          7.55	23.88	24.36	22.20	23.79	   221.94	278728512	      15809.96	广东	         37.47亿	20100211	
300077	国民技术	-1.16	-3.80	29.40	-1.16	29.39	29.40	132333	0.51	          5.25	30.55	30.92	28.00	30.56	  1145.06	390896160	      25222.42	深圳	         74.15亿	20100430	
300102	乾照光电	-0.62	-4.43	13.38	-0.62	13.38	13.39	71217	-0.07	          3.91	14.01	14.03	13.03	14.00	    46.51	96354064	      18216.23	福建	         24.37亿	20100812	
300111	向日葵	-0.19	-4.38	4.15	-0.19	4.15	4.16	513881	0.00	          4.64	4.33	4.33	4.05	4.34	--  	215682560	     110759.79	浙江	         45.97亿	20100827	
300118	东方日升	-0.55	-5.95	8.69	-0.55	8.68	8.69	247108	0.00	          6.51	9.21	9.21	8.52	9.24	   128.26	218280880	      37982.94	浙江	         33.01亿	20100902	
300223	北京君正	-3.35	-7.97	38.66	-3.35	38.66	38.67	34437	0.00	          6.03	41.00	41.20	38.00	42.01	--  	135883824	       5711.58	北京	         22.08亿	20110531	
300232	洲明科技	-1.09	-6.56	15.53	-1.09	15.53	15.54	67827	-0.12	          5.44	16.55	16.55	15.30	16.62	    56.52	106836680	      12471.34	深圳	         19.37亿	20110622	
300241	瑞丰光电	-0.66	-4.49	14.04	-0.66	14.03	14.04	52038	-0.07	          3.53	14.68	14.68	13.95	14.70	    57.17	74040336	      14761.82	深圳	         20.73亿	20110712	
300269	联建光电	-1.15	-3.35	33.20	-1.15	33.05	33.20	24679	0.36	          3.59	33.90	34.35	31.98	34.35	    56.59	81002984	       6869.77	深圳	         22.81亿	20111012	
300296	利亚德	--  	--  	22.74	--  	--  	--  	0	--  	          0.00	--  	--  	--  	22.74	    60.72	0	      11526.70	北京	         26.21亿	20120315	
300301	长方照明	-1.08	-6.31	16.03	-1.08	16.03	16.04	31927	-0.06	          3.51	17.11	17.11	16.00	17.11	    85.36	52362424	       9108.45	深圳	         14.60亿	20120321	
300303	聚飞光电	-0.96	-4.77	19.16	-0.96	19.16	19.17	69030	-0.10	          4.84	20.12	20.12	18.87	20.12	    30.98	133202440	      14272.04	深圳	         27.35亿	20120319	
300317	珈伟股份	-1.24	-4.77	24.76	-1.24	24.76	24.78	21697	0.65	          4.01	25.68	25.98	24.60	26.00	   166.31	54702572	       5408.37	深圳	         13.39亿	20120511	
300323	华灿光电	-0.51	-4.27	11.42	-0.51	11.41	11.42	85468	-0.08	          4.30	11.89	11.93	11.21	11.93	    51.51	98550568	      19896.75	湖北	         22.72亿	20120601	
300327	中颖电子	-1.04	-6.19	15.75	-1.04	15.75	15.76	59691	-0.31	          5.58	16.75	16.75	15.50	16.79	    75.35	95501928	      10690.13	上海	         16.84亿	20120613	
300346	南大光电	-1.94	-4.96	37.19	-1.94	37.18	37.19	13493	-0.50	          3.76	39.10	39.10	37.00	39.13	    78.63	50736600	       3584.05	江苏	         13.33亿	20120807	
300373	扬杰科技	-1.72	-5.67	28.61	-1.72	28.60	28.61	41058	-0.27	          9.97	30.21	30.23	28.20	30.33	    40.21	119240168	       4120.00	江苏	         11.79亿	20140123	
300389	艾比森	-3.72	-4.26	83.53	-3.72	83.52	83.53	13698	-0.02	          8.85	86.50	87.00	83.25	87.25	    44.84	116022416	       1547.00	深圳	         12.92亿	20140801	
002506	*ST超日	--  	--  	0.00	--  	--  	--  	0	--  	          0.00	--  	--  	--  	--  	--  	--  	      60706.08	上海	          0.00亿	20101118	
600151	航天机电	0.73	7.18	10.90	0.73	10.90	10.91	1418354	0.09	         11.77	10.26	10.98	9.75	10.17	   282.28	1499892864	     120469.53	上海	        131.31亿	19980605	
600171	上海贝岭	-0.56	-4.97	10.70	-0.56	10.69	10.70	307066	-0.18	          4.56	11.25	11.28	10.40	11.26	   168.58	331683840	      67380.77	上海	         72.10亿	19980924	
600206	有研新材	-0.35	-2.58	13.19	-0.35	13.18	13.19	211058	-0.37	          4.85	13.76	13.95	12.92	13.54	--  	283176576	      43500.00	北京	         57.38亿	19990319	
600360	华微电子	-0.24	-4.24	5.42	-0.24	5.42	5.43	234391	0.18	          3.18	5.66	5.66	5.30	5.66	   111.87	128198920	      73808.00	吉林	         40.00亿	20010316	
600401	海润光伏	-0.25	-2.94	8.26	-0.25	8.25	8.26	184072	0.00	          5.19	8.51	8.54	8.17	8.51	--  	152926976	      35478.37	江苏	         29.31亿	20030924	
600460	士兰微	-0.26	-3.96	6.30	-0.26	6.30	6.31	298499	-0.15	          2.39	6.55	6.58	6.22	6.56	    46.81	189923568	     124716.79	浙江	         78.57亿	20030311	
600537	亿晶光电	-1.73	-9.12	17.24	-1.73	17.21	17.22	305308	0.00	          6.28	17.84	18.38	17.11	18.97	    40.47	537477696	      48587.12	浙江	         83.76亿	20030123	
600584	长电科技	0.00	0.00	11.13	0.00	--  	--  	0	0.00	          0.00	--  	--  	--  	11.13	    64.77	0	      85313.35	江苏	         94.95亿	20030603	
600667	太极实业	-0.25	-4.84	4.92	-0.25	4.92	4.93	418640	0.00	          3.51	5.17	5.17	4.79	5.17	   777.12	208584560	     119127.42	江苏	         58.61亿	19930728	
600703	三安光电	-0.45	-3.09	14.13	-0.45	14.11	14.12	449256	0.07	          2.07	14.60	14.67	13.88	14.58	    24.16	639904320	     216602.06	湖北	        306.06亿	19960528	
600817	ST宏盛	-0.70	-4.97	13.38	-0.70	--  	13.38	48882	0.00	          3.30	14.08	14.17	13.38	14.08	  5427.67	66379628	      14791.49	上海	         19.79亿	19940128	
601012	隆基股份	-0.78	-4.50	16.56	-0.78	16.56	16.57	178621	0.00	          5.74	17.37	17.52	16.42	17.34	    35.45	301513216	      31102.74	陕西	         51.51亿	20120411	
601908	京运通	-0.91	-7.04	12.02	-0.91	12.02	12.04	238482	0.83	          8.38	12.80	12.80	11.82	12.93	    61.33	291744384	      28451.52	北京	         34.20亿	20110908	
603005	晶方科技	-1.85	-3.83	46.48	-1.85	46.35	46.46	35120	-0.02	          6.20	48.35	48.42	46.00	48.33	    58.29	163579280	       5667.41	江苏	         26.34亿	20140210	
数据来源:通达信
