代码	名称	涨跌	涨幅%%	现价	涨跌	买价	卖价	总量	涨速%%	换手%%	今开	最高	最低	昨收	市盈(动)	总金额	流通股本(万)	地区	流通市值	上市日期	
000157	中联重科	-0.09	-1.60	5.55	-0.09	5.55	5.56	3320788	0.00	          5.30	5.74	5.96	5.37	5.64	    32.07	1877802496	     626117.19	湖南	        347.50亿	20001012	
000425	徐工机械	-0.22	-2.02	10.68	-0.22	10.67	10.68	731153	-0.09	          3.56	11.04	11.38	10.21	10.90	    19.72	788544704	     205562.52	江苏	        219.54亿	19960828	
000528	柳    工	-0.20	-2.27	8.63	-0.20	8.63	8.64	618266	-0.57	          5.50	8.85	9.27	8.33	8.83	    40.59	545969792	     112508.84	广西	         97.10亿	19931118	
000680	山推股份	-0.22	-4.44	4.74	-0.22	4.73	4.74	734024	0.21	          7.69	4.98	5.11	4.61	4.96	   115.83	357820128	      95481.35	山东	         45.26亿	19970122	
000811	烟台冰轮	--  	--  	12.00	--  	--  	--  	0	--  	          0.00	--  	--  	--  	12.00	    35.57	0	      39453.41	山东	         47.34亿	19980528	
000923	河北宣工	0.10	0.87	11.59	0.10	11.59	11.60	126504	0.08	          6.39	11.44	11.65	10.41	11.49	  1214.19	140590928	      19799.91	河北	         22.95亿	19990714	
002006	*ST精功	--  	--  	8.75	--  	--  	--  	0	--  	          0.00	--  	--  	--  	8.75	--  	0	      43677.89	浙江	         38.22亿	20040625	
002009	天奇股份	--  	--  	16.30	--  	--  	--  	0	--  	          0.00	--  	--  	--  	16.30	    47.89	0	      25991.22	江苏	         42.37亿	20040629	
002011	盾安环境	-0.47	-4.35	10.33	-0.47	10.33	10.34	644884	0.09	          7.70	10.90	10.93	9.97	10.80	    57.11	678293888	      83800.65	浙江	         86.57亿	20040705	
002097	山河智能	-0.42	-4.01	10.06	-0.42	10.05	10.06	190142	0.00	          5.81	10.49	10.50	9.70	10.48	   331.63	192926576	      32744.49	湖南	         32.94亿	20061222	
002158	汉钟精机	-0.94	-4.98	17.93	-0.94	17.93	17.95	46108	-0.05	          1.75	18.90	18.93	17.88	18.87	    23.87	84101168	      26387.00	上海	         47.31亿	20070817	
002366	丹甫股份	-1.11	-2.79	38.70	-1.11	38.70	38.76	69791	0.38	          6.66	40.00	42.18	37.50	39.81	   114.19	275476576	      10477.55	四川	         40.55亿	20100312	
002459	*ST天业	-0.71	-4.99	13.52	-0.71	--  	13.52	36775	0.00	          2.10	14.34	14.34	13.52	14.23	--  	50122840	      17472.31	河北	         23.62亿	20100810	
002483	润邦股份	-0.21	-1.71	12.07	-0.21	12.06	12.07	46507	0.58	          1.29	12.31	12.37	11.78	12.28	    36.40	55886248	      36000.00	江苏	         43.45亿	20100929	
002523	天桥起重	-0.47	-5.94	7.44	-0.47	7.44	7.45	163610	-0.26	          6.91	7.91	7.98	7.30	7.91	   482.64	124021632	      23669.58	湖南	         17.61亿	20101210	
002526	山东矿机	0.34	3.97	8.91	0.34	8.91	8.92	431809	0.00	         11.61	8.57	9.08	8.20	8.57	  3184.70	377489152	      37197.73	山东	         33.14亿	20101217	
002535	林州重机	-0.58	-5.33	10.30	-0.58	10.29	10.30	189962	0.00	          7.39	10.84	10.84	10.10	10.88	    92.35	197786480	      25717.16	河南	         26.49亿	20110111	
002667	鞍重股份	-0.74	-1.86	39.10	-0.74	39.07	39.10	31864	-0.20	         11.39	39.80	39.84	36.36	39.84	    57.93	121520224	       2798.00	辽宁	         10.94亿	20120329	
002680	黄海机械	-0.04	-0.12	32.00	-0.04	31.57	32.00	10284	0.50	          4.29	32.03	32.17	30.13	32.04	   138.75	32224366	       2399.22	江苏	          7.68亿	20120605	
002685	华东重机	-0.44	-3.01	14.17	-0.44	14.16	14.17	70285	-0.07	          7.06	14.60	14.62	13.89	14.61	   452.62	99662832	       9950.00	江苏	         14.10亿	20120612	
300035	中科电气	-0.39	-3.99	9.39	-0.39	9.39	9.40	63345	0.00	          4.08	9.85	9.88	9.21	9.78	    88.70	60109200	      15515.95	湖南	         14.57亿	20091225	
300103	达刚路机	-1.04	-4.44	22.36	-1.04	22.18	22.36	42611	0.76	          2.75	23.20	23.20	21.86	23.40	    81.65	95468616	      15510.50	陕西	         34.68亿	20100812	
300185	通裕重工	0.03	0.46	6.51	0.03	6.51	6.52	524320	0.00	          7.47	6.48	6.68	6.12	6.48	    58.12	337521568	      70145.13	山东	         45.66亿	20110308	
300308	中际装备	-0.67	-5.66	11.16	-0.67	11.16	11.17	106171	-0.08	          9.43	11.54	11.69	10.81	11.83	   527.01	119203936	      11263.04	山东	         12.57亿	20120410	
600031	三一重工	0.26	3.57	7.55	0.26	7.54	7.55	3555937	-0.13	          4.68	7.80	8.00	7.16	7.29	    27.08	2699199744	     759370.63	湖南	        573.32亿	20030703	
600169	太原重工	-0.28	-4.35	6.15	-0.28	6.15	6.16	1229892	0.00	          5.07	6.43	6.45	5.86	6.43	   574.15	761398208	     242395.50	山西	        149.07亿	19980904	
600262	北方股份	2.14	10.00	23.55	2.14	23.55	--  	173731	0.00	         10.22	21.45	23.55	21.24	21.41	    52.30	394162976	      17000.00	内蒙	         40.03亿	20000630	
600320	振华重工	0.07	1.23	5.74	0.07	5.73	5.74	1517015	0.00	          5.48	5.88	5.96	5.48	5.67	   234.66	878327616	     276833.13	上海	        158.90亿	20001221	
600582	天地科技	0.30	2.40	12.81	0.30	12.78	12.79	512086	-0.69	          4.22	12.80	13.25	12.25	12.51	    20.56	653799360	     121392.00	北京	        155.50亿	20020515	
600710	常林股份	-0.21	-4.29	4.69	-0.21	4.68	4.69	198524	0.00	          3.10	4.91	4.94	4.66	4.90	--  	94178912	      64028.39	江苏	         30.03亿	19960701	
600761	安徽合力	-0.45	-3.57	12.17	-0.45	12.15	12.16	234402	0.16	          3.80	12.65	12.79	12.01	12.62	    11.64	290294624	      61681.73	安徽	         75.07亿	19961009	
600815	厦工股份	0.00	0.00	5.78	0.00	--  	--  	0	0.00	          0.00	--  	--  	--  	5.78	--  	0	      93970.96	福建	         54.32亿	19940128	
600984	建设机械	0.00	0.00	7.96	0.00	--  	--  	0	0.00	          0.00	--  	--  	--  	7.96	--  	0	      14155.59	陕西	         11.27亿	20040707	
601100	恒立油缸	-0.37	-3.06	11.73	-0.37	11.74	11.75	60436	-0.17	          2.44	12.12	12.23	11.55	12.10	    73.76	71304432	      24727.50	江苏	         29.01亿	20111028	
601106	中国一重	0.10	2.06	4.96	0.10	4.96	4.97	3808665	0.00	          5.83	4.93	5.15	4.56	4.86	--  	1889660032	     653800.00	黑龙江	        324.28亿	20100209	
601717	郑煤机	-0.40	-5.10	7.45	-0.40	7.45	7.46	430653	0.13	          3.13	7.84	7.84	7.31	7.85	    34.69	325418624	     137788.78	河南	        102.65亿	20100803	
601268	*ST二重	--  	--  	0.00	--  	--  	--  	0	--  	          0.00	--  	--  	--  	--  	--  	--  	     169000.00	四川	          0.00亿	20100202	
数据来源:通达信
