代码	名称	涨跌	涨幅%%	现价	涨跌	买价	卖价	总量	涨速%%	换手%%	今开	最高	最低	昨收	市盈(动)	总金额	流通股本(万)	地区	流通市值	上市日期	
000010	深华新	-0.20	-2.66	7.32	-0.20	7.32	7.33	147151	-0.13	          4.11	7.51	7.52	7.02	7.52	--  	107112360	      35815.75	北京	         26.22亿	19951027	
000023	深天地Ａ	--  	--  	11.43	--  	--  	--  	0	--  	          0.00	--  	--  	--  	11.43	    74.10	0	      13875.62	深圳	         15.86亿	19930429	
000065	北方国际	1.13	5.97	20.05	1.13	20.04	20.05	182896	0.00	          7.22	18.93	20.30	18.40	18.92	    27.41	357236992	      25340.18	深圳	         50.81亿	19980605	
000090	天健集团	-0.34	-2.58	12.86	-0.34	12.85	12.86	163223	-0.07	          2.95	13.15	13.19	12.30	13.20	    39.30	208041616	      55253.07	深圳	         71.06亿	19990721	
000498	山东路桥	--  	--  	4.64	--  	--  	--  	0	--  	          0.00	--  	--  	--  	4.64	    27.67	0	      35417.01	山东	         16.43亿	19970609	
000928	中钢国际	-0.52	-4.51	11.01	-0.52	11.00	11.01	94895	-0.18	          3.35	11.57	11.59	10.75	11.53	    73.57	105591704	      28289.90	吉林	         31.15亿	19990312	
000961	中南建设	-0.46	-3.89	11.36	-0.46	11.35	11.36	237740	-0.08	          2.04	11.71	11.86	11.18	11.82	    16.17	273095168	     116386.50	江苏	        132.22亿	20000301	
002051	中工国际	-1.62	-6.24	24.34	-1.62	24.33	24.34	212846	-0.53	          2.79	25.84	25.85	23.98	25.96	    19.99	525170112	      76414.59	北京	        185.99亿	20060619	
002060	粤 水 电	-0.44	-5.65	7.35	-0.44	7.34	7.35	241120	0.00	          4.01	7.72	7.74	7.11	7.79	    49.95	179568384	      60103.19	广东	         44.18亿	20060810	
002062	宏润建设	-0.21	-3.96	5.09	-0.21	5.09	5.10	120927	-0.19	          1.84	5.31	5.31	5.01	5.30	    21.81	62261580	      65617.60	浙江	         33.40亿	20060816	
002116	中国海诚	-0.93	-5.50	15.97	-0.93	15.96	15.97	41115	0.31	          1.34	16.70	16.70	15.60	16.90	    24.63	66210648	      30746.82	上海	         49.10亿	20070215	
002135	东南网架	-0.21	-3.90	5.17	-0.21	5.16	5.17	246054	0.00	          3.67	5.40	5.40	5.02	5.38	    48.67	128874192	      67119.45	浙江	         34.70亿	20070530	
002140	东华科技	-0.82	-4.28	18.33	-0.82	18.32	18.33	113113	0.32	          2.60	19.29	19.29	18.12	19.15	    43.40	209985312	      43580.87	安徽	         79.88亿	20070712	
002178	延华智能	--  	--  	11.44	--  	--  	--  	0	--  	          0.00	--  	--  	--  	11.44	    78.91	0	      31137.69	上海	         35.62亿	20071101	
002307	北新路桥	-0.70	-6.38	10.27	-0.70	10.26	10.27	324445	0.09	          5.82	10.85	10.91	10.06	10.97	   137.72	338139456	      55731.30	新疆	         57.24亿	20091111	
002310	东方园林	-0.76	-4.18	17.41	-0.76	17.41	17.42	176220	0.05	          3.86	18.18	18.19	17.20	18.17	    31.92	310227072	      45697.26	北京	         79.56亿	20091127	
002398	建研集团	-1.19	-6.13	18.21	-1.19	18.21	18.22	101495	0.16	          5.31	19.38	19.38	17.88	19.40	    21.36	186695424	      19113.78	福建	         34.81亿	20100506	
002431	棕榈园林	-0.82	-4.01	19.65	-0.82	19.64	19.65	157234	-0.10	          6.21	20.29	20.30	19.30	20.47	    28.18	311381632	      25304.64	广东	         49.72亿	20100610	
002469	三维工程	-0.78	-5.38	13.72	-0.78	13.72	13.73	136714	-0.07	          5.43	14.44	14.44	13.51	14.50	    34.05	189953392	      25195.47	山东	         34.57亿	20100908	
002542	中化岩土	-1.08	-7.64	13.05	-1.08	13.05	13.06	166473	-0.38	         12.10	14.08	14.08	12.73	14.13	    67.18	221252416	      13756.87	北京	         17.95亿	20110128	
002586	围海股份	-0.73	-5.35	12.91	-0.73	12.91	12.92	98732	-0.07	          3.53	13.61	13.62	12.56	13.64	    68.73	129115840	      28001.89	浙江	         36.15亿	20110602	
002628	成都路桥	-0.21	-3.95	5.10	-0.21	5.09	5.10	414903	-0.19	          6.33	5.31	5.33	5.05	5.31	    25.56	214244544	      65581.46	四川	         33.45亿	20111103	
002659	中泰桥梁	--  	--  	9.98	--  	--  	--  	0	--  	          0.00	--  	--  	--  	9.98	   803.45	0	      14540.00	江苏	         14.51亿	20120309	
002663	普邦园林	-0.57	-3.86	14.18	-0.57	14.17	14.18	125872	0.00	          4.88	14.75	14.84	13.89	14.75	    26.84	180319648	      25818.84	广东	         36.61亿	20120316	
002717	岭南园林	-1.32	-4.63	27.18	-1.32	27.18	27.20	35332	-0.03	          8.68	28.40	28.40	26.69	28.50	    38.01	97366848	       4071.69	广东	         11.07亿	20140219	
300284	苏交科	-0.55	-4.77	10.97	-0.55	10.97	10.98	95975	-0.09	          3.51	11.50	11.50	10.88	11.52	    25.73	106408976	      27343.44	江苏	         30.00亿	20120110	
600039	四川路桥	-0.30	-5.40	5.26	-0.30	5.26	5.27	737108	0.00	          6.74	5.56	5.56	5.16	5.56	    19.37	393705984	     109440.00	四川	         57.57亿	20030325	
600068	葛洲坝	-0.20	-3.32	5.82	-0.20	5.81	5.82	1331803	0.00	          3.82	6.05	6.09	5.67	6.02	    11.53	783827648	     348745.91	湖北	        202.97亿	19970526	
600170	上海建工	-0.26	-3.93	6.36	-0.26	6.36	6.37	828999	0.15	          7.54	6.62	6.65	6.24	6.62	    16.30	534540480	     109966.28	上海	         69.94亿	19980623	
600248	延长化建	-0.38	-3.99	9.15	-0.38	9.15	9.16	115451	-0.21	          2.75	9.44	9.55	9.01	9.53	    19.15	106713976	      41968.92	陕西	         38.40亿	20000622	
600284	浦东建设	-0.55	-4.82	10.86	-0.55	10.84	10.85	453435	-0.18	          6.86	11.48	11.48	10.64	11.41	    23.77	498232992	      66104.00	上海	         71.79亿	20040316	
600326	西藏天路	-0.39	-4.84	7.66	-0.39	7.65	7.66	204318	0.00	          3.73	8.04	8.07	7.54	8.05	    61.63	158687456	      54720.00	西藏	         41.92亿	20010116	
600491	龙元建设	0.08	1.74	4.68	0.08	4.68	4.69	569237	0.21	          6.01	4.65	4.86	4.45	4.60	    21.27	266699792	      94760.00	浙江	         44.35亿	20040524	
600502	安徽水利	-0.82	-6.75	11.33	-0.82	11.33	11.34	449703	-0.08	          8.96	12.14	12.14	11.08	12.15	    23.13	517944736	      50193.00	安徽	         56.87亿	20030415	
600512	腾达建设	-0.19	-4.66	3.89	-0.19	3.88	3.89	304605	0.00	          4.13	4.07	4.07	3.79	4.08	    77.48	119824336	      73694.06	浙江	         28.67亿	20021226	
600528	中铁二局	-0.34	-4.27	7.63	-0.34	7.63	7.64	564111	-0.26	          3.87	7.96	7.96	7.48	7.97	    28.01	434181536	     145920.00	四川	        111.34亿	20010528	
600545	新疆城建	-0.52	-5.08	9.72	-0.52	9.72	9.73	446400	-0.10	          6.61	10.21	10.22	9.58	10.24	    85.03	439874944	      67578.57	新疆	         65.69亿	20031203	
600820	隧道股份	-0.29	-4.11	6.76	-0.29	6.76	6.77	1278465	0.00	          6.32	7.05	7.10	6.53	7.05	    15.43	872911232	     202265.78	上海	        136.73亿	19940128	
600853	龙建股份	-0.25	-5.54	4.26	-0.25	4.26	4.27	189984	0.47	          3.54	4.51	4.54	4.20	4.51	   127.01	82245944	      53680.76	黑龙江	         22.87亿	19940404	
600970	中材国际	-0.57	-5.40	9.99	-0.57	10.00	10.01	546524	0.20	          5.00	10.57	10.65	9.90	10.56	    16.59	556464576	     109329.72	江苏	        109.22亿	20050412	
600986	科达股份	0.00	0.00	7.05	0.00	--  	--  	0	0.00	          0.00	--  	--  	--  	7.05	    36.88	0	      33526.96	山东	         23.64亿	20040426	
601117	中国化学	-0.28	-3.70	7.28	-0.28	7.28	7.29	1877055	-0.27	          3.81	7.67	7.74	7.13	7.56	    10.47	1394826496	     493300.00	北京	        359.12亿	20100107	
601186	中国铁建	-0.27	-2.94	8.91	-0.27	8.91	8.92	2668225	0.00	          2.60	9.15	9.15	8.50	9.18	    11.00	2366524928	    1026124.56	北京	        914.28亿	20080310	
601390	中国中铁	-0.18	-3.54	4.91	-0.18	4.92	4.93	4007706	0.00	          2.34	5.09	5.09	4.70	5.09	    11.09	1978984448	    1709251.00	北京	        839.24亿	20071203	
601618	中国中冶	-0.11	-3.54	3.00	-0.11	2.99	3.00	3448929	0.00	          2.12	3.11	3.12	2.89	3.11	    17.25	1040523136	    1623900.00	北京	        487.17亿	20090921	
601668	中国建筑	-0.13	-2.77	4.57	-0.13	4.57	4.58	9561445	0.00	          3.20	4.76	4.78	4.46	4.70	     6.08	4413396480	    2985322.00	北京	       1364.29亿	20090729	
601669	中国电建	0.01	0.23	4.45	0.01	4.44	4.45	3559148	0.22	         10.79	4.49	4.67	4.32	4.44	     9.63	1597577728	     330000.00	北京	        146.85亿	20111018	
601789	宁波建工	-0.33	-3.51	9.07	-0.33	9.05	9.06	194399	0.00	          4.44	9.40	9.40	8.95	9.40	    24.18	177179152	      43807.98	浙江	         39.73亿	20110816	
601800	中国交建	-0.27	-3.66	7.10	-0.27	7.10	7.11	1621131	-0.14	         12.01	7.43	7.43	6.96	7.37	     8.82	1159122304	     134973.55	北京	         95.83亿	20120309	
603018	设计股份	-3.76	-5.15	69.24	-3.76	69.22	69.25	34527	-0.17	         13.28	72.50	72.50	69.18	73.00	    51.78	243564416	       2600.00	江苏	         18.00亿	20141013	
数据来源:通达信
