代码	名称	涨跌	涨幅%%	现价	涨跌	买价	卖价	总量	涨速%%	换手%%	今开	最高	最低	昨收	市盈(动)	总金额	流通股本(万)	地区	流通市值	上市日期	
002003	伟星股份	-0.35	-3.34	10.13	-0.35	10.13	10.14	100410	0.09	          3.42	10.49	10.49	10.02	10.48	    13.35	102563744	      29320.38	浙江	         29.70亿	20040625	
002029	七 匹 狼	-0.48	-4.65	9.84	-0.48	9.83	9.84	268385	-0.30	          3.55	10.30	10.30	9.76	10.32	    24.42	268521600	      75538.71	福建	         74.33亿	20040806	
002036	宜科科技	-0.19	-2.05	9.08	-0.19	9.08	9.10	78845	0.11	          3.09	9.28	9.44	8.89	9.27	   162.14	72177272	      25515.15	浙江	         23.17亿	20040903	
002044	江苏三友	--  	--  	10.04	--  	--  	--  	0	--  	          0.00	--  	--  	--  	10.04	    43.13	0	      22410.00	江苏	         22.50亿	20050518	
002098	浔兴股份	-0.76	-5.22	13.80	-0.76	13.80	13.81	36572	0.00	          2.36	14.53	14.53	13.78	14.56	    23.97	51210916	      15500.00	福建	         21.39亿	20061222	
002154	报 喜 鸟	-0.42	-4.71	8.50	-0.42	8.50	8.51	159088	0.00	          2.98	8.96	9.00	8.34	8.92	    29.43	137048624	      53315.05	浙江	         45.32亿	20070816	
002239	金 飞 达	--  	--  	5.02	--  	--  	--  	0	--  	          0.00	--  	--  	--  	5.02	   205.84	0	      42210.00	江苏	         21.19亿	20080522	
002269	美邦服饰	-0.62	-5.00	11.77	-0.62	11.77	11.78	307614	-0.08	          3.06	12.37	12.38	11.60	12.39	    39.50	368251296	     100500.00	上海	        118.29亿	20080828	
002291	星期六	-0.26	-3.23	7.80	-0.26	7.80	7.81	48489	0.64	          1.33	8.10	8.10	7.65	8.06	    73.76	37968384	      36335.00	广东	         28.34亿	20090903	
002293	罗莱家纺	-0.69	-2.63	25.54	-0.69	25.53	25.54	56465	0.07	          2.01	26.23	26.25	24.89	26.23	    19.43	143642320	      28072.61	江苏	         71.70亿	20090910	
002327	富安娜	-0.53	-3.74	13.65	-0.53	13.64	13.65	51467	0.22	          2.33	14.20	14.24	13.36	14.18	    17.91	70854672	      22056.60	深圳	         30.11亿	20091230	
002345	潮宏基	-0.27	-3.02	8.68	-0.27	8.68	8.69	127505	0.00	          1.53	8.95	8.95	8.51	8.95	    30.80	111265968	      83212.00	广东	         72.23亿	20100128	
002397	梦洁家纺	-0.44	-4.10	10.28	-0.44	10.27	10.28	75351	0.98	          5.20	10.70	10.70	9.80	10.72	    40.52	77195168	      14495.83	湖南	         14.90亿	20100429	
002425	凯撒股份	-0.67	-5.62	11.26	-0.67	11.26	11.27	77002	0.00	          2.03	11.93	11.93	11.08	11.93	   446.70	87646112	      37881.00	广东	         42.65亿	20100608	
002485	希努尔	0.04	0.34	11.79	0.04	11.78	11.79	72684	0.59	          2.27	11.77	11.84	10.82	11.75	--  	82162704	      32000.00	山东	         37.73亿	20101015	
002486	嘉麟杰	-0.20	-3.99	4.81	-0.20	4.80	4.81	352762	0.00	          4.41	5.01	5.01	4.56	5.01	    87.79	170593376	      80050.00	上海	         38.50亿	20101015	
002494	华斯股份	-0.76	-4.73	15.30	-0.76	15.30	15.31	39181	0.06	          4.03	16.06	16.06	15.15	16.06	    29.41	60833928	       9726.16	河北	         14.88亿	20101102	
002503	搜于特	-0.27	-1.53	17.33	-0.27	17.32	17.33	45331	-0.40	          1.44	17.48	17.79	16.31	17.60	    63.42	77481240	      31487.18	广东	         54.57亿	20101117	
002517	泰亚股份	-0.69	-4.29	15.41	-0.69	15.40	15.41	59529	-0.12	          3.37	16.12	16.80	15.30	16.10	--  	94987864	      17680.00	福建	         27.24亿	20101207	
002563	森马服饰	-0.70	-1.76	39.00	-0.70	38.75	39.00	22569	0.61	          3.22	39.68	39.68	38.28	39.70	    29.19	87607160	       7000.00	浙江	         27.30亿	20110311	
002569	步森股份	-0.52	-2.77	18.22	-0.52	18.21	18.22	55884	0.10	          4.05	18.79	18.79	17.82	18.74	--  	101984880	      13794.28	浙江	         25.13亿	20110412	
002574	明牌珠宝	-0.33	-2.99	10.72	-0.33	10.71	10.72	154586	0.18	          2.93	11.09	11.10	10.54	11.05	    22.34	166849856	      52800.00	浙江	         56.60亿	20110422	
002612	朗姿股份	-1.40	-5.19	25.60	-1.40	25.59	25.60	28571	0.03	          2.74	26.76	26.76	24.52	27.00	    43.60	73859736	      10446.15	北京	         26.74亿	20110830	
002634	棒杰股份	-0.58	-2.70	20.89	-0.58	20.82	20.89	15148	0.91	          2.72	21.47	21.47	20.55	21.47	    51.17	31531496	       5578.12	浙江	         11.65亿	20111205	
002640	百圆裤业	-2.25	-5.62	37.80	-2.25	37.80	37.81	21757	0.00	          2.22	39.50	39.50	37.01	40.05	   382.19	83024800	       9791.99	山西	         37.01亿	20111208	
002656	卡奴迪路	-0.65	-3.86	16.18	-0.65	16.18	16.19	42167	-0.12	          7.06	16.84	16.89	16.02	16.83	   196.25	69020496	       5975.00	广东	          9.67亿	20120228	
002687	乔治白	-0.42	-3.55	11.40	-0.42	11.40	11.41	27931	0.00	          4.01	11.83	11.92	11.24	11.82	    40.57	32141504	       6961.27	浙江	          7.94亿	20120713	
002721	金一文化	-1.60	-5.75	26.24	-1.60	26.23	26.24	38199	0.53	          9.14	27.70	27.70	25.51	27.84	    95.78	101340288	       4181.25	北京	         10.97亿	20140127	
002731	萃华珠宝	-3.04	-7.35	38.32	-3.04	38.32	38.33	64762	-0.02	         17.19	41.02	41.08	38.06	41.36	    45.99	255627072	       3768.00	辽宁	         14.44亿	20141104	
300005	探路者	-0.80	-4.45	17.18	-0.80	17.18	17.19	208593	-0.05	          6.47	17.73	17.73	16.69	17.98	    36.86	360314112	      32222.78	北京	         55.36亿	20091030	
600086	东方金钰	-0.90	-3.54	24.52	-0.90	24.55	24.57	52213	0.36	          1.48	25.40	25.40	24.04	25.42	    75.84	129242248	      35228.17	湖北	         86.38亿	19970606	
600107	美尔雅	-0.41	-4.46	8.78	-0.41	8.78	8.79	428525	-0.45	         11.90	9.10	9.41	8.50	9.19	--  	384780544	      36000.00	湖北	         31.61亿	19971106	
600137	浪莎股份	-1.29	-6.84	17.56	-1.29	17.53	17.56	32413	0.17	          3.33	18.85	18.85	17.00	18.85	   174.63	58201084	       9721.75	四川	         17.07亿	19980416	
600177	雅戈尔	0.52	4.69	11.60	0.52	11.59	11.60	1690045	0.25	          7.59	11.35	12.15	10.88	11.08	     9.88	1943168896	     222661.17	浙江	        258.29亿	19981119	
600233	大杨创世	-0.66	-4.94	12.69	-0.66	12.67	12.70	43997	0.31	          2.67	13.35	13.36	12.51	13.35	    41.07	56616088	      16500.00	辽宁	         20.94亿	20000608	
600272	开开实业	-0.57	-4.06	13.47	-0.57	13.47	13.48	52289	-0.14	          3.27	14.03	14.03	13.28	14.04	    56.11	70862544	      16000.00	上海	         21.55亿	20010228	
600295	鄂尔多斯	-0.43	-4.68	8.75	-0.43	8.75	8.76	134643	0.00	          2.20	9.20	9.23	8.60	9.18	    25.57	119685376	      61200.00	内蒙	         53.55亿	20010426	
600398	海澜之家	-0.19	-1.75	10.69	-0.19	10.69	10.70	115940	0.18	          1.79	10.87	10.87	10.43	10.88	    22.33	122675688	      64660.41	江苏	         69.12亿	20001228	
600400	红豆股份	-0.22	-3.57	5.94	-0.22	5.93	5.94	149543	0.00	          2.67	6.15	6.15	5.85	6.16	   107.74	89300176	      56039.96	江苏	         33.29亿	20010108	
600439	瑞贝卡	-0.20	-3.93	4.89	-0.20	4.89	4.90	392420	-0.20	          4.16	5.09	5.10	4.86	5.09	    26.62	194270016	      94332.11	河南	         46.13亿	20030710	
600612	老凤祥	-0.35	-1.02	34.05	-0.35	34.01	34.05	31677	-0.08	          1.00	34.42	35.60	33.61	34.40	    18.42	108785024	      31710.96	上海	        107.98亿	19920814	
600884	杉杉股份	-0.66	-3.52	18.11	-0.66	18.10	18.11	226184	0.05	          5.51	18.77	18.80	17.50	18.77	    36.96	411155872	      41085.82	浙江	         74.41亿	19960130	
601566	九牧王	-0.36	-2.62	13.36	-0.36	13.35	13.36	101724	0.07	          1.77	13.77	14.15	13.17	13.72	    18.78	138500672	      57463.71	福建	         76.77亿	20110530	
601718	际华集团	0.39	7.66	5.48	0.39	5.48	5.49	2382457	1.48	          6.18	5.16	5.50	4.81	5.09	    23.04	1245118848	     385700.00	北京	        211.36亿	20100816	
603001	奥康国际	-0.98	-5.58	16.57	-0.98	16.51	16.60	74626	0.42	          6.38	17.64	17.64	16.38	17.55	    26.86	125447584	      11694.90	浙江	         19.38亿	20120426	
603518	维格娜丝	3.17	10.00	34.88	3.17	34.88	--  	395	0.00	          0.11	34.88	34.88	34.88	31.71	    43.64	1377760	       3699.50	江苏	         12.90亿	20141203	
603555	贵人鸟	-0.50	-3.59	13.42	-0.50	13.42	13.44	76703	0.07	          8.62	13.85	13.85	13.17	13.92	    32.27	103727096	       8900.00	福建	         11.94亿	20140124	
数据来源:通达信
