代码	名称	涨跌	涨幅%%	现价	涨跌	买价	卖价	总量	涨速%%	换手%%	今开	最高	最低	昨收	市盈(动)	总金额	流通股本(万)	地区	流通市值	上市日期	
000519	江南红箭	0.75	4.83	16.27	0.75	16.26	16.27	200539	-0.06	         10.53	15.63	16.47	14.90	15.52	    33.67	319446976	      19039.75	湖南	         30.98亿	19931008	
000530	大冷股份	--  	--  	11.27	--  	--  	--  	0	--  	          0.00	--  	--  	--  	11.27	    30.74	0	      21579.34	辽宁	         24.32亿	19931208	
000595	西北轴承	-0.45	-5.13	8.32	-0.45	8.32	8.33	111691	-0.23	          5.15	8.78	8.88	8.15	8.77	--  	94258032	      21681.03	宁夏	         18.04亿	19960419	
000617	石油济柴	-0.68	-6.23	10.23	-0.68	10.23	10.24	57926	-0.58	          2.01	10.89	10.89	10.00	10.91	--  	60538372	      28753.91	山东	         29.42亿	19961022	
000678	襄阳轴承	--  	--  	7.27	--  	--  	--  	0	--  	          0.00	--  	--  	--  	7.27	   157.01	0	      30107.63	湖北	         21.89亿	19970106	
000777	中核科技	0.19	0.58	32.90	0.19	32.90	32.91	771734	-0.21	         20.13	34.00	34.68	31.30	32.71	   181.03	2577256960	      38335.10	江苏	        126.12亿	19970710	
000816	江淮动力	-0.34	-4.42	7.35	-0.34	7.35	7.36	352677	-0.13	          3.24	7.76	7.76	7.15	7.69	   185.65	260796688	     108877.75	江苏	         80.03亿	19970818	
000856	冀东装备	0.01	0.11	9.04	0.01	9.03	9.04	107752	-0.11	          8.16	9.03	9.09	8.40	9.03	--  	95212176	      13207.05	河北	         11.94亿	19980813	
000880	潍柴重机	-0.34	-2.75	12.04	-0.34	12.04	12.05	55657	-0.08	          4.12	12.43	12.44	11.81	12.38	    61.46	67218712	      13513.50	山东	         16.27亿	19980402	
000903	云内动力	-0.28	-4.03	6.67	-0.28	6.66	6.67	170545	-0.29	          2.51	6.96	6.98	6.66	6.95	    38.23	115006864	      68076.00	云南	         45.41亿	19990415	
000908	天一科技	-0.63	-3.81	15.91	-0.63	15.91	15.93	37449	0.00	          1.34	16.52	16.52	15.70	16.54	--  	59779712	      28000.00	湖南	         44.55亿	19990203	
002026	山东威达	-0.47	-4.40	10.22	-0.47	10.22	10.23	43684	0.00	          1.91	10.69	10.69	10.15	10.69	    32.63	45205972	      22815.00	山东	         23.32亿	20040727	
002046	轴研科技	0.20	1.91	10.66	0.20	10.66	10.67	273079	0.00	          8.02	10.43	10.85	9.82	10.46	   244.82	286156384	      34056.60	河南	         36.30亿	20050526	
002050	三花股份	--  	--  	13.57	--  	--  	--  	0	--  	          0.00	--  	--  	--  	13.57	    19.62	0	      75871.92	浙江	        102.96亿	20050607	
002101	广东鸿图	-1.13	-5.68	18.75	-1.13	18.75	18.76	52470	0.00	          2.74	19.89	19.90	18.50	19.88	    27.61	99438880	      19169.25	广东	         35.94亿	20061229	
002122	天马股份	-0.42	-4.91	8.14	-0.42	8.14	8.15	427111	0.00	          4.06	8.53	8.55	7.80	8.56	   280.75	349221152	     105146.97	浙江	         85.59亿	20070328	
002147	方圆支承	-0.48	-4.80	9.53	-0.48	9.53	9.54	117033	0.31	          5.66	10.00	10.00	9.30	10.01	   876.10	112316440	      20674.86	安徽	         19.70亿	20070808	
002150	通润装备	-0.50	-5.02	9.47	-0.50	9.45	9.47	43181	1.71	          1.74	9.98	10.00	9.31	9.97	    40.00	41487492	      24786.00	江苏	         23.47亿	20070810	
002272	川润股份	-0.48	-6.08	7.41	-0.48	7.41	7.42	158443	0.00	          5.18	7.89	7.89	7.11	7.89	   576.39	119280320	      30572.97	四川	         22.65亿	20080919	
002342	巨力索具	-0.31	-4.43	6.68	-0.31	6.68	6.69	364363	-0.29	          4.63	6.95	6.98	6.50	6.99	   103.70	245698176	      78615.50	河北	         52.52亿	20100126	
002347	泰尔重工	-0.57	-4.32	12.63	-0.57	12.62	12.63	56774	-0.15	          4.93	13.00	13.19	12.24	13.20	   180.16	71841376	      11510.00	安徽	         14.54亿	20100128	
002413	常发股份	0.30	1.49	20.40	0.30	20.40	20.41	104045	-0.43	          4.72	20.13	20.93	18.09	20.10	   100.08	208429440	      22050.00	江苏	         44.98亿	20100528	
002418	康盛股份	-0.20	-1.39	14.24	-0.20	14.24	14.29	76821	0.28	          4.70	14.44	15.12	13.00	14.44	--  	111686864	      16338.44	浙江	         23.27亿	20100601	
002435	长江润发	-0.58	-5.23	10.51	-0.58	10.51	10.54	37517	-0.37	          2.10	11.03	11.09	10.35	11.09	    46.07	40064668	      17897.33	江苏	         18.81亿	20100618	
002438	江苏神通	-0.75	-3.07	23.70	-0.75	23.69	23.70	141858	-0.04	         11.16	24.65	25.50	22.35	24.45	    90.32	347638368	      12716.91	江苏	         30.14亿	20100623	
002445	中南重工	-0.53	-2.49	20.79	-0.53	20.68	20.79	46054	0.92	          1.84	21.28	21.28	19.50	21.32	    71.18	94073952	      25065.00	江苏	         52.11亿	20100713	
002472	双环传动	-0.72	-5.04	13.57	-0.72	13.57	13.63	65018	0.00	          3.76	14.25	14.26	13.36	14.29	    33.81	89009712	      17278.13	浙江	         23.45亿	20100910	
002480	新筑股份	-0.27	-2.28	11.56	-0.27	11.55	11.56	214722	0.52	          3.88	11.68	11.73	10.74	11.83	   243.03	244009648	      55366.37	四川	         64.00亿	20100921	
002514	宝馨科技	-0.68	-4.77	13.57	-0.68	13.57	13.58	63899	0.00	          2.94	14.26	14.26	13.19	14.25	   184.12	87820984	      21759.99	江苏	         29.53亿	20101203	
002537	海立美达	-0.99	-5.33	17.60	-0.99	17.59	17.60	16381	-0.28	          1.09	18.57	18.57	17.56	18.59	    81.65	29273848	      15000.00	山东	         26.40亿	20110110	
002552	宝鼎重工	-0.01	-0.09	10.86	-0.01	10.85	10.86	86881	0.09	          5.16	10.90	11.04	10.40	10.87	   239.40	94292848	      16837.50	浙江	         18.29亿	20110225	
002553	南方轴承	-0.48	-3.36	13.79	-0.48	13.78	13.79	63398	-0.07	          5.82	14.31	14.35	13.63	14.27	    35.61	88143512	      10887.00	江苏	         15.01亿	20110225	
002591	恒大高新	-0.15	-1.13	13.13	-0.15	13.12	13.13	89486	0.07	          6.00	13.25	13.39	12.80	13.28	   162.38	116792120	      14914.03	江西	         19.58亿	20110621	
002598	山东章鼓	-0.56	-5.55	9.53	-0.56	9.53	9.54	116249	-0.10	          4.42	10.02	10.02	9.25	10.09	    37.66	111804272	      26322.46	山东	         25.09亿	20110707	
002633	申科股份	1.81	8.62	22.81	1.81	22.80	22.81	102203	0.08	         11.76	21.80	23.00	21.56	21.00	--  	229383552	       8694.37	浙江	         19.83亿	20111122	
300091	金通灵	1.21	4.23	29.80	1.21	29.78	29.80	23690	0.33	          1.87	28.90	30.98	26.65	28.59	   518.73	69931848	      12639.70	江苏	         37.67亿	20100625	
300095	华伍股份	-0.78	-6.65	10.95	-0.78	10.95	10.96	71306	0.00	          4.69	11.73	11.78	10.70	11.73	    52.65	79134576	      15214.37	江西	         16.66亿	20100728	
300151	昌红科技	-0.78	-4.68	15.90	-0.78	15.90	15.93	23254	0.00	          2.19	16.56	16.58	15.40	16.68	    56.35	37184684	      10632.58	深圳	         16.91亿	20101222	
300257	开山股份	-1.22	-3.19	36.98	-1.22	36.98	36.99	31050	-0.05	          0.76	37.79	38.12	35.60	38.20	    42.10	114862032	      40607.62	浙江	        150.17亿	20110819	
300260	新莱应材	-1.35	-6.42	19.68	-1.35	19.68	19.70	42185	0.05	          8.93	21.02	22.00	19.01	21.03	   193.14	83726832	       4724.25	江苏	          9.30亿	20110906	
300266	兴源过滤	--  	--  	48.58	--  	--  	--  	0	--  	          0.00	--  	--  	--  	48.58	   154.37	0	       5180.95	浙江	         25.17亿	20110927	
300391	康跃科技	-3.17	-6.79	43.53	-3.17	43.52	43.53	19964	-0.29	         11.98	46.23	46.23	42.50	46.70	   106.98	88049048	       1667.00	山东	          7.26亿	20140801	
600114	东睦股份	-0.66	-4.27	14.79	-0.66	14.78	14.79	40200	0.00	          2.42	15.45	15.45	14.69	15.45	    42.26	59995684	      16601.69	浙江	         24.55亿	20040511	
600149	廊坊发展	0.41	2.59	16.26	0.41	16.25	16.26	427337	0.49	         11.24	15.73	16.65	14.61	15.85	  1136.26	672514048	      38016.00	河北	         61.81亿	19991014	
600421	仰帆控股	0.00	0.00	7.89	0.00	--  	--  	0	0.00	          0.00	--  	--  	--  	7.89	  2184.30	0	      19560.00	湖北	         15.43亿	20040607	
600520	中发科技	1.65	10.02	18.12	1.65	18.12	--  	109984	0.00	          9.73	16.60	18.12	16.18	16.47	--  	192718048	      11304.00	安徽	         20.48亿	20020108	
600566	洪城股份	0.00	0.00	21.69	0.00	--  	--  	0	0.00	          0.00	--  	--  	--  	21.69	    33.57	0	      13820.04	湖北	         29.98亿	20010822	
600592	龙溪股份	0.18	1.53	11.97	0.18	11.95	11.96	294881	0.08	          7.98	11.75	12.30	11.07	11.79	    68.80	348081984	      36955.35	福建	         44.24亿	20020805	
600619	海立股份	0.00	0.00	9.24	0.00	--  	--  	0	0.00	          0.00	--  	--  	--  	9.24	    68.92	0	      31857.44	上海	         29.44亿	19921116	
600765	中航重机	0.00	0.00	23.43	0.00	--  	--  	0	0.00	          0.00	--  	--  	--  	23.43	   115.21	0	      77800.32	贵州	        182.29亿	19961106	
600841	上柴股份	-0.70	-5.73	11.51	-0.70	11.51	11.52	73028	0.26	          1.48	12.26	12.26	11.40	12.21	    61.27	85259864	      49217.48	上海	         56.65亿	19940311	
601002	晋亿实业	-1.21	-6.12	18.56	-1.21	18.56	18.57	683461	-0.10	          9.26	19.51	19.52	18.00	19.77	    82.94	1282850560	      73847.00	浙江	        137.06亿	20070126	
601177	杭齿前进	-0.46	-5.06	8.63	-0.46	8.63	8.64	87375	-0.11	          2.18	9.10	9.13	8.48	9.09	   113.02	76533752	      40006.00	浙江	         34.53亿	20101011	
601218	吉鑫科技	-0.35	-4.48	7.47	-0.35	7.47	7.48	297649	-0.40	          3.00	7.82	7.85	7.43	7.82	    92.08	225578656	      99176.00	江苏	         74.08亿	20110506	
601369	陕鼓动力	-0.23	-2.96	7.55	-0.23	7.54	7.55	346077	-0.13	          2.11	7.77	8.03	7.31	7.78	    31.52	265959952	     163877.02	陕西	        123.73亿	20100428	
数据来源:通达信
