代码	名称	涨跌	涨幅%%	现价	涨跌	买价	卖价	总量	涨速%%	换手%%	今开	最高	最低	昨收	市盈(动)	总金额	流通股本(万)	地区	流通市值	上市日期	
000049	德赛电池	-0.90	-2.43	36.21	-0.90	36.20	36.21	61362	0.00	          2.99	37.10	37.10	35.82	37.11	    38.67	223379808	      20524.36	深圳	         74.32亿	19950320	
000400	许继电气	-0.33	-1.59	20.48	-0.33	20.47	20.48	358459	0.09	          6.03	20.90	20.99	19.91	20.81	    26.13	735911680	      59433.28	河南	        121.72亿	19970418	
000585	东北电气	-0.21	-4.93	4.05	-0.21	4.05	4.06	189577	0.24	          3.11	4.26	4.32	3.92	4.26	--  	78077496	      60942.10	辽宁	         24.68亿	19951213	
000682	东方电子	-0.24	-4.58	5.00	-0.24	5.00	5.01	364459	0.00	          3.73	5.23	5.23	4.90	5.24	   176.46	184224368	      97800.45	山东	         48.90亿	19970121	
000806	银河投资	-0.54	-5.78	8.81	-0.54	8.80	8.81	497328	1.03	          7.12	9.33	9.33	8.42	9.35	   657.89	439409408	      69844.82	广西	         61.53亿	19980416	
000922	佳电股份	-0.80	-5.04	15.07	-0.80	15.06	15.07	189438	0.00	          6.35	16.01	16.34	14.41	15.87	    41.96	293809952	      29843.50	黑龙江	         44.97亿	19990618	
000967	上风高科	--  	--  	11.93	--  	--  	--  	0	--  	          0.00	--  	--  	--  	11.93	    89.95	0	      24576.49	浙江	         29.32亿	20000330	
002028	思源电气	-0.48	-3.79	12.18	-0.48	12.17	12.18	269592	0.00	          5.78	12.67	12.70	11.90	12.66	    17.43	331233792	      46646.76	上海	         56.82亿	20040805	
002074	东源电器	-0.57	-3.36	16.39	-0.57	16.38	16.39	91683	-0.06	          4.11	16.92	16.92	15.90	16.96	   112.46	150727040	      22316.65	江苏	         36.58亿	20061018	
002112	三变科技	-0.69	-5.80	11.20	-0.69	11.20	11.21	91561	0.08	          4.89	11.98	11.98	10.81	11.89	   182.25	103848160	      18706.90	浙江	         20.95亿	20070208	
002123	荣信股份	-0.35	-3.76	8.95	-0.35	8.94	8.95	180169	-0.11	          3.98	9.31	9.34	8.75	9.30	--  	162876032	      45291.50	辽宁	         40.54亿	20070328	
002130	沃尔核材	-0.12	-0.84	14.21	-0.12	14.20	14.21	684573	-0.14	         19.71	14.62	14.85	13.70	14.33	    88.18	986235008	      34725.69	深圳	         49.35亿	20070420	
002164	*ST东力	-0.31	-4.96	5.94	-0.31	5.94	5.95	134865	0.00	          3.33	6.17	6.19	5.94	6.25	--  	80842064	      40512.50	浙江	         24.06亿	20070823	
002168	深圳惠程	--  	--  	10.13	--  	--  	--  	0	--  	          0.00	--  	--  	--  	10.13	--  	0	      56803.58	深圳	         57.54亿	20070919	
002169	智光电气	-0.20	-1.63	12.05	-0.20	12.02	12.05	143534	0.33	          5.84	12.33	12.34	11.14	12.25	   108.58	167041408	      24588.78	广东	         29.63亿	20070919	
002176	江特电机	-0.62	-4.21	14.11	-0.62	14.11	14.12	156554	0.28	          3.68	14.69	14.69	13.90	14.73	   126.76	223356800	      42548.98	江西	         60.04亿	20071012	
002180	万 力 达	--  	--  	23.51	--  	--  	--  	0	--  	          0.00	--  	--  	--  	23.51	    47.83	0	      10219.74	广东	         24.03亿	20071113	
002202	金风科技	-0.27	-2.19	12.04	-0.27	12.03	12.04	742464	-0.08	          3.47	12.35	12.60	11.87	12.31	    20.36	903033408	     213853.45	新疆	        257.48亿	20071226	
002212	南洋股份	-0.42	-5.41	7.34	-0.42	7.34	7.35	174436	0.00	          6.01	7.80	7.83	7.11	7.76	    68.52	130211888	      29044.32	广东	         21.32亿	20080201	
002227	奥 特 迅	-0.71	-3.00	22.97	-0.71	22.96	22.97	40089	-0.04	          1.85	23.73	23.85	22.88	23.68	   212.59	92812064	      21715.24	深圳	         49.88亿	20080506	
002249	大洋电机	-0.47	-3.36	13.50	-0.47	13.50	13.51	79943	0.00	          1.91	13.97	14.00	13.45	13.97	    42.66	109015496	      41891.67	广东	         56.55亿	20080619	
002266	浙富控股	-0.33	-4.11	7.69	-0.33	7.69	7.70	1003857	0.00	          9.86	8.10	8.17	7.41	8.02	   125.34	783422336	     101760.03	浙江	         78.25亿	20080806	
002276	万马股份	-0.43	-4.52	9.09	-0.43	9.08	9.09	243923	0.11	          2.97	9.55	9.55	8.95	9.52	    43.03	225599936	      82190.77	浙江	         74.71亿	20090710	
002298	鑫龙电器	--  	--  	8.97	--  	--  	--  	0	--  	          0.00	--  	--  	--  	8.97	   262.86	0	      34894.67	安徽	         31.30亿	20090929	
002300	太阳电缆	-0.27	-3.51	7.42	-0.27	7.41	7.42	108553	0.00	          2.40	7.65	7.72	7.25	7.69	    25.55	80827896	      45220.82	福建	         33.55亿	20091021	
002309	中利科技	-0.90	-4.53	18.98	-0.90	18.98	19.00	64723	-0.15	          2.38	19.70	19.79	18.60	19.88	--  	124156672	      27190.83	江苏	         51.61亿	20091127	
002322	理工监测	--  	--  	13.56	--  	--  	--  	0	--  	          0.00	--  	--  	--  	13.56	   145.25	0	      26057.85	浙江	         35.33亿	20091218	
002323	中联电气	--  	--  	21.95	--  	--  	--  	0	--  	          0.00	--  	--  	--  	21.95	   130.92	0	       8350.16	江苏	         18.33亿	20091218	
002334	英威腾	-0.89	-5.00	16.90	-0.89	16.90	16.91	137303	0.00	          5.45	17.78	17.78	16.30	17.79	    35.67	234737232	      25181.50	深圳	         42.56亿	20100113	
002335	科华恒盛	0.33	1.57	21.41	0.33	21.41	21.42	51245	-0.09	          2.80	21.05	21.76	20.40	21.08	    50.42	108591080	      18281.48	福建	         39.14亿	20100113	
002350	北京科锐	-0.32	-2.12	14.80	-0.32	14.75	14.80	52353	0.54	          2.40	15.02	15.09	14.29	15.12	    58.37	76816752	      21821.63	北京	         32.30亿	20100203	
002358	森源电气	-1.36	-3.60	36.44	-1.36	36.36	36.44	44774	0.27	          2.19	37.89	37.97	36.01	37.80	    60.66	162854720	      20453.00	河南	         74.53亿	20100210	
002364	中恒电气	-0.26	-1.32	19.49	-0.26	19.10	19.49	40092	2.04	          2.02	19.71	19.72	18.77	19.75	    50.99	77133128	      19832.05	浙江	         38.65亿	20100305	
002380	科远股份	-1.00	-3.25	29.74	-1.00	29.73	29.74	15355	-0.03	          3.04	30.62	30.62	29.01	30.74	    81.79	45877784	       5056.37	江苏	         15.04亿	20100331	
002451	摩恩电气	-0.30	-3.67	7.87	-0.30	7.86	7.87	90199	-0.12	          4.68	8.18	8.18	7.75	8.17	   157.55	71525448	      19260.00	上海	         15.16亿	20100720	
002452	长高集团	0.14	0.80	17.55	0.14	17.54	17.55	134082	0.05	          8.80	17.57	17.74	15.90	17.41	    50.11	223745088	      15237.00	湖南	         26.74亿	20100720	
002471	中超电缆	-0.45	-3.26	13.35	-0.45	13.35	13.36	106556	0.45	          2.22	13.79	13.79	12.71	13.80	    62.30	141564224	      48012.35	江苏	         64.10亿	20100910	
002498	汉缆股份	-0.26	-2.80	9.04	-0.26	9.03	9.04	93925	-0.11	          0.89	9.40	9.59	8.80	9.30	    36.75	86350376	     105750.00	山东	         95.60亿	20101109	
002531	天顺风能	-0.75	-4.95	14.41	-0.75	14.41	14.47	64959	0.20	          1.58	15.15	15.16	14.33	15.16	    31.81	94523848	      41060.92	江苏	         59.17亿	20101231	
002533	金杯电工	-0.38	-5.57	6.44	-0.38	6.44	6.45	139316	0.00	          2.85	6.82	6.85	6.32	6.82	    30.46	91502064	      48824.39	湖南	         31.44亿	20101231	
002546	新联电子	-0.60	-4.24	13.56	-0.60	13.55	13.56	57182	-0.22	          2.48	14.11	14.14	13.43	14.16	    28.24	78563064	      23087.84	江苏	         31.31亿	20110211	
002560	通达股份	-0.77	-3.41	21.78	-0.77	21.77	21.78	36668	-0.68	          8.03	22.55	22.98	20.52	22.55	    86.08	79927280	       4567.37	河南	          9.95亿	20110303	
002576	通达动力	0.65	3.79	17.79	0.65	17.78	17.79	93466	0.05	          8.22	17.13	18.23	15.61	17.14	   290.20	160430464	      11376.59	江苏	         20.24亿	20110428	
002580	圣阳股份	-0.93	-4.07	21.90	-0.93	21.90	21.91	44509	0.45	          5.42	22.80	22.80	21.30	22.83	    84.28	96814672	       8209.24	山东	         17.98亿	20110506	
002606	大连电瓷	-1.02	-5.57	17.28	-1.02	17.27	17.28	78109	-0.11	          6.48	18.30	18.30	17.05	18.30	   156.75	136598240	      12050.00	辽宁	         20.82亿	20110805	
002610	爱康科技	-0.80	-4.50	16.96	-0.80	16.96	16.97	140983	0.65	          4.73	17.60	17.60	16.47	17.76	    57.27	240369520	      29775.00	江苏	         50.50亿	20110815	
002617	露笑科技	--  	--  	23.41	--  	--  	--  	0	--  	          0.00	--  	--  	--  	23.41	   580.85	0	       7243.50	浙江	         16.96亿	20110920	
002622	永大集团	-0.60	-2.91	20.00	-0.60	20.00	20.01	43346	-0.19	          4.49	20.62	20.89	19.94	20.60	    86.13	87936040	       9653.75	吉林	         19.31亿	20111018	
002647	宏磊股份	--  	--  	8.41	--  	--  	--  	0	--  	          0.00	--  	--  	--  	8.41	--  	0	       7694.79	浙江	          6.47亿	20111228	
002660	茂硕电源	-0.66	-5.88	10.56	-0.66	10.55	10.56	157891	-0.18	         10.20	11.12	11.12	10.35	11.22	--  	169019952	      15486.03	深圳	         16.35亿	20120316	
002664	信质电机	-0.60	-1.82	32.34	-0.60	32.34	32.35	34271	-0.03	          4.96	33.20	33.55	30.92	32.94	    35.58	110661600	       6914.06	浙江	         22.36亿	20120316	
002665	首航节能	2.40	5.71	44.40	2.40	44.40	44.41	77814	0.18	          6.15	42.18	45.78	42.18	42.00	    83.39	342020352	      12652.50	北京	         56.18亿	20120327	
002670	华声股份	-0.66	-4.38	14.42	-0.66	14.41	14.42	44372	0.00	          5.39	15.07	15.07	14.27	15.08	    28.14	64737216	       8237.73	广东	         11.88亿	20120416	
002684	猛狮科技	-0.30	-0.93	32.06	-0.30	32.06	32.07	31783	-0.74	          6.18	32.99	33.86	30.71	32.36	  2191.30	102131512	       5142.70	广东	         16.49亿	20120612	
002692	远程电缆	0.05	0.44	11.38	0.05	11.37	11.38	56098	0.17	          5.20	11.33	11.50	10.80	11.33	    34.24	62390884	      10792.58	江苏	         12.28亿	20120808	
002706	良信电器	-2.01	-3.96	48.71	-2.01	48.70	48.71	22814	-0.24	         10.59	50.15	50.28	48.20	50.72	    37.87	112149952	       2154.00	上海	         10.49亿	20140121	
002730	电光科技	-1.61	-5.98	25.33	-1.61	25.33	25.34	52978	0.00	         14.45	26.85	26.85	25.01	26.94	    63.90	136701232	       3667.00	浙江	          9.29亿	20141009	
002733	雄韬股份	2.09	10.02	22.94	2.09	22.94	--  	191	0.00	          0.06	22.94	22.94	22.94	20.85	    32.60	438796	       3400.00	深圳	          7.80亿	20141203	
300001	特锐德	-1.01	-4.62	20.86	-1.01	20.85	20.86	76557	0.04	          1.98	21.75	21.80	20.20	21.87	    51.21	160447696	      38568.00	山东	         80.45亿	20091030	
300004	南风股份	2.57	6.44	42.50	2.57	42.50	42.52	50539	0.23	          3.68	40.00	43.76	38.80	39.93	   131.77	207530592	      13747.54	广东	         58.43亿	20091030	
300018	中元华电	0.47	3.80	12.85	0.47	12.84	12.85	106281	0.39	          6.94	12.28	12.85	11.88	12.38	    70.97	132337856	      15310.87	湖北	         19.67亿	20091030	
300040	九洲电气	-0.40	-4.93	7.72	-0.40	7.72	7.73	110357	0.25	          5.56	8.11	8.15	7.60	8.12	   342.98	86695928	      19844.84	黑龙江	         15.32亿	20100108	
300048	合康变频	-0.58	-5.28	10.40	-0.58	10.39	10.40	107806	-0.38	          3.62	10.97	10.97	10.20	10.98	   119.00	113336600	      29812.73	北京	         31.01亿	20100120	
300062	中能电气	-0.87	-6.02	13.58	-0.87	13.57	13.58	30721	0.00	          3.96	14.32	14.49	13.50	14.45	    57.16	42660092	       7763.14	福建	         10.54亿	20100319	
300068	南都电源	-0.61	-5.35	10.79	-0.61	10.78	10.79	272717	-0.18	          6.72	11.36	11.36	10.52	11.40	    43.78	297448352	      40610.39	浙江	         43.82亿	20100421	
300069	金利华电	-0.46	-2.59	17.30	-0.46	17.22	17.30	10479	0.00	          1.76	17.89	17.89	17.10	17.76	    85.20	18202276	       5968.08	浙江	         10.32亿	20100421	
300120	经纬电材	-0.43	-4.65	8.81	-0.43	8.80	8.81	37383	0.45	          2.48	9.26	9.26	8.56	9.24	   251.09	33316622	      15048.20	天津	         13.26亿	20100917	
300125	易世达	-1.83	-8.03	20.97	-1.83	20.96	20.97	44425	-0.04	          6.11	22.70	22.79	20.70	22.80	--  	94740656	       7266.24	辽宁	         15.24亿	20101013	
300129	泰胜风能	-0.45	-3.95	10.93	-0.45	10.92	10.93	110007	0.09	          5.01	11.31	11.33	10.82	11.38	    34.89	121410048	      21953.38	上海	         24.00亿	20101019	
300140	启源装备	--  	--  	25.01	--  	--  	--  	0	--  	          0.00	--  	--  	--  	25.01	   520.45	0	      11534.82	陕西	         28.85亿	20101112	
300141	和顺电气	-0.30	-2.06	14.27	-0.30	14.26	14.27	33696	0.00	          3.19	14.60	14.88	14.06	14.57	    47.99	48685076	      10573.96	江苏	         15.09亿	20101112	
300153	科泰电源	--  	--  	14.83	--  	--  	--  	0	--  	          0.00	--  	--  	--  	14.83	    83.25	0	      15983.50	上海	         23.70亿	20101229	
300208	恒顺电气	-0.96	-6.98	12.79	-0.96	12.78	12.79	153502	0.00	          8.06	13.80	13.93	12.50	13.75	    60.04	199765888	      19052.00	山东	         24.37亿	20110426	
300215	电科院	-0.45	-4.93	8.68	-0.45	8.67	8.68	108913	-0.34	          2.27	9.11	9.13	8.40	9.13	    78.19	95893056	      47999.85	江苏	         41.66亿	20110511	
300222	科大智能	-4.48	-9.98	40.40	-4.48	40.39	40.40	36942	-0.14	          4.68	43.12	44.30	40.40	44.88	   118.06	153923568	       7896.02	上海	         31.90亿	20110525	
300252	金信诺	--  	--  	43.40	--  	--  	--  	0	--  	          0.00	--  	--  	--  	43.40	    81.20	0	      10035.80	深圳	         43.56亿	20110818	
300265	通光线缆	2.15	7.48	30.90	2.15	30.60	30.90	77945	-0.16	         12.88	31.63	31.63	29.31	28.75	   112.99	241054064	       6050.00	江苏	         18.69亿	20110916	
300274	阳光电源	-0.64	-3.57	17.31	-0.64	17.30	17.31	163477	0.05	          3.61	17.90	17.93	16.96	17.95	    68.90	282566496	      45346.41	安徽	         78.49亿	20111102	
300283	温州宏丰	-0.50	-2.62	18.58	-0.50	18.58	18.60	26553	0.48	          6.36	19.12	19.12	18.25	19.08	    82.56	49776744	       4177.10	浙江	          7.76亿	20120110	
300341	麦迪电气	--  	--  	10.20	--  	--  	--  	0	--  	          0.00	--  	--  	--  	10.20	    46.67	0	       7286.64	福建	          7.43亿	20120726	
300356	光一科技	-1.75	-5.12	32.45	-1.75	32.45	32.46	81918	-0.73	         12.26	33.15	33.98	30.78	34.20	   104.00	263903504	       6682.33	江苏	         21.68亿	20121009	
300362	天保重装	-1.88	-6.29	28.02	-1.88	28.02	28.03	30480	0.00	         11.86	29.25	29.68	27.80	29.90	   146.17	86973136	       2570.00	四川	          7.20亿	20140121	
300372	欣泰电气	--  	--  	27.05	--  	--  	--  	0	--  	          0.00	--  	--  	--  	27.05	    52.21	0	       2144.50	辽宁	          5.80亿	20140127	
300376	易事特	-4.39	-9.37	42.48	-4.39	42.47	42.48	72364	-0.04	         16.16	47.55	47.55	42.48	46.87	    46.00	316163648	       4478.00	广东	         19.02亿	20140127	
300403	地尔汉宇	-3.36	-5.84	54.16	-3.36	54.16	54.17	43884	-0.01	         12.91	57.37	57.37	53.50	57.52	    57.58	241764960	       3400.00	广东	         18.41亿	20141030	
300407	凯发电气	3.54	10.00	38.93	3.54	38.93	--  	78	0.00	          0.05	38.93	38.93	38.93	35.39	    56.40	303654	       1700.00	天津	          6.62亿	20141203	
600089	特变电工	-0.40	-3.62	10.65	-0.40	10.64	10.65	1710874	-0.09	          5.40	11.07	11.20	10.30	11.05	    18.76	1841447552	     316591.31	新疆	        337.17亿	19970618	
600110	中科英华	-0.25	-3.57	6.75	-0.25	6.74	6.75	424419	-0.29	          3.69	7.00	7.04	6.60	7.00	--  	289620160	     115031.21	吉林	         77.65亿	19971007	
600112	天成控股	0.00	0.00	16.09	0.00	--  	--  	0	0.00	          0.00	--  	--  	--  	16.09	   266.31	0	      50920.48	贵州	         81.93亿	19971127	
600192	长城电工	-0.45	-3.86	11.21	-0.45	11.20	11.21	152087	0.08	          3.44	11.66	11.66	11.12	11.66	    48.36	171877200	      44174.80	甘肃	         49.52亿	19981224	
600202	哈空调	-0.19	-2.64	7.01	-0.19	7.01	7.02	155341	0.00	          4.05	7.24	7.34	6.78	7.20	   373.05	109940688	      38334.07	黑龙江	         26.87亿	19990603	
600268	国电南自	-0.27	-3.85	6.75	-0.27	6.74	6.75	157499	-0.14	          2.48	7.05	7.07	6.53	7.02	--  	107507352	      63524.64	江苏	         42.88亿	19991118	
600290	华仪电气	0.00	0.00	9.92	0.00	--  	--  	0	0.00	          0.00	--  	--  	--  	9.92	    39.16	0	      52688.37	浙江	         52.27亿	20001106	
600312	平高电气	-0.44	-2.90	14.72	-0.44	14.72	14.73	431117	-0.06	          5.26	15.14	15.48	14.31	15.16	    29.53	642343552	      81896.61	河南	        120.55亿	20010221	
600379	宝光股份	0.00	0.00	9.51	0.00	--  	--  	0	0.00	          0.00	--  	--  	--  	9.51	    75.12	0	      23585.83	陕西	         22.43亿	20020116	
600405	动力源	-0.51	-4.23	11.54	-0.51	11.54	11.55	273032	-0.17	          6.44	12.00	12.03	11.25	12.05	   116.12	317081664	      42389.28	北京	         48.92亿	20040401	
600416	湘电股份	0.47	4.12	11.89	0.47	11.89	11.90	218820	0.00	          3.60	11.42	11.95	11.00	11.42	   163.54	253347328	      60848.44	湖南	         72.35亿	20020718	
600468	百利电气	-1.04	-6.88	14.07	-1.04	14.08	14.09	120002	-0.28	          2.63	15.01	15.08	13.84	15.11	   220.75	172350976	      45619.19	天津	         64.19亿	20010615	
600482	风帆股份	0.77	5.31	15.27	0.77	15.26	15.27	425567	0.32	          8.12	14.55	15.48	14.20	14.50	    50.08	637055552	      52434.19	河北	         80.07亿	20040714	
600517	置信电气	0.00	0.00	12.45	0.00	--  	--  	0	0.00	          0.00	--  	--  	--  	12.45	    84.39	0	     111366.89	上海	        138.65亿	20031010	
600525	长园集团	0.00	0.00	12.46	0.00	--  	--  	0	0.00	          0.00	--  	--  	--  	12.46	    31.80	0	      86351.00	深圳	        107.59亿	20021202	
600550	*ST天威	0.00	0.00	7.19	0.00	--  	--  	0	0.00	          0.00	--  	--  	--  	7.19	    25.31	0	     137299.09	河北	         98.72亿	20010228	
600560	金自天正	-0.51	-3.72	13.21	-0.51	13.18	13.23	51238	-0.37	          2.29	13.61	13.69	13.00	13.72	    73.73	68177440	      22364.55	北京	         29.54亿	20020919	
600577	精达股份	0.16	2.21	7.40	0.16	7.38	7.39	218435	0.27	          3.08	7.24	7.56	7.09	7.24	    44.82	160857136	      70956.56	安徽	         52.51亿	20020911	
600580	卧龙电气	-0.49	-4.47	10.48	-0.49	10.46	10.47	299632	0.09	          4.36	10.98	10.99	10.05	10.97	    37.79	312985824	      68772.88	浙江	         72.07亿	20020606	
600590	泰豪科技	-0.27	-2.56	10.29	-0.27	10.29	10.30	174811	0.29	          3.49	10.71	10.80	10.07	10.56	--  	181194464	      50032.57	江西	         51.48亿	20020703	
600847	万里股份	0.56	3.50	16.57	0.56	16.55	16.57	94683	-0.12	          7.11	16.01	16.78	15.90	16.01	   318.31	155280800	      13316.49	重庆	         22.07亿	19940324	
600869	智慧能源	-0.58	-5.56	9.86	-0.58	9.84	9.85	168214	-0.20	          1.70	10.45	10.46	9.65	10.44	    38.46	169125168	      99004.34	青海	         97.62亿	19950206	
600875	东方电气	0.55	3.12	18.20	0.55	18.19	18.20	904280	-0.32	          5.43	18.06	18.97	17.00	17.65	    25.11	1654054144	     166386.00	四川	        302.82亿	19951010	
600885	宏发股份	-0.86	-3.90	21.17	-0.86	21.07	21.17	92969	-0.14	          3.92	22.03	22.03	20.26	22.03	    24.15	194199440	      23741.25	湖北	         50.26亿	19960205	
600973	宝胜股份	-0.04	-0.35	11.55	-0.04	11.56	11.57	181930	0.00	          4.42	11.70	11.82	10.79	11.59	    44.95	208179968	      41138.75	江苏	         47.52亿	20040802	
601126	四方股份	-0.63	-3.21	18.99	-0.63	19.00	19.01	82431	0.21	          2.03	19.62	19.78	18.66	19.62	    33.53	157536000	      40647.35	北京	         77.19亿	20101231	
601179	中国西电	0.17	2.94	5.95	0.17	5.94	5.95	1576745	0.16	          3.62	5.90	6.12	5.62	5.78	    35.47	935603072	     435700.00	陕西	        259.24亿	20100128	
601311	骆驼股份	-0.42	-2.90	14.07	-0.42	14.07	14.08	160525	-0.14	          1.90	14.50	14.53	13.75	14.49	    19.22	227305376	      84461.57	湖北	        118.84亿	20110602	
601558	*ST锐电	0.00	0.00	4.01	0.00	--  	--  	0	0.00	          0.00	--  	--  	--  	4.01	--  	0	      42040.00	北京	         16.86亿	20110113	
601616	广电电气	-0.22	-4.13	5.11	-0.22	5.11	5.12	284171	0.00	          3.05	5.34	5.36	5.00	5.33	    89.12	147278336	      93258.00	上海	         47.65亿	20110201	
601700	风范股份	-0.63	-3.89	15.55	-0.63	15.55	15.57	87233	0.06	          3.70	16.11	16.11	15.38	16.18	    31.48	136314848	      23576.84	江苏	         36.66亿	20110118	
601727	上海电气	0.23	3.41	6.97	0.23	6.97	6.98	1640349	-0.42	          1.67	6.94	7.24	6.49	6.74	    37.47	1145630976	     985071.44	上海	        686.59亿	20081205	
601877	正泰电器	1.41	4.42	33.28	1.41	33.01	33.14	70222	0.39	          0.70	31.87	34.90	30.85	31.87	    19.09	227726032	     100825.57	浙江	        335.55亿	20100121	
603333	明星电缆	-0.34	-5.04	6.41	-0.34	6.40	6.41	294171	-0.15	         15.12	6.65	6.66	6.22	6.75	--  	189629168	      19450.50	四川	         12.47亿	20120507	
603606	东方电缆	-1.91	-6.86	25.92	-1.91	25.92	25.94	42529	-0.19	         13.57	27.77	27.83	25.65	27.83	    71.38	112602640	       3135.00	浙江	          8.13亿	20141015	
603988	中电电机	-2.84	-5.96	44.80	-2.84	44.78	44.79	30656	-0.04	         15.33	47.40	47.42	44.00	47.64	    62.99	140058000	       2000.00	江苏	          8.96亿	20141104	
数据来源:通达信
