代码	名称	涨跌	涨幅%%	现价	涨跌	买价	卖价	总量	涨速%%	换手%%	今开	最高	最低	昨收	市盈(动)	总金额	流通股本(万)	地区	流通市值	上市日期	
000018	中冠A	-0.95	-5.00	18.05	-0.95	18.05	18.06	25451	0.00	          2.55	18.76	18.76	17.50	19.00	  1952.06	45911272	       9972.04	深圳	         18.00亿	19920616	
000045	深纺织Ａ	-0.32	-2.68	11.60	-0.32	11.59	11.60	145589	-0.17	          3.59	11.99	12.00	11.00	11.92	--  	168889440	      40556.39	深圳	         47.05亿	19940815	
000158	常山股份	-0.88	-7.39	11.02	-0.88	11.02	11.03	274618	-0.27	          3.82	11.90	11.98	10.86	11.90	--  	310225376	      71886.10	河北	         79.22亿	20000724	
000611	内蒙发展	0.14	1.72	8.29	0.14	8.28	8.29	152892	-0.12	          4.79	8.23	8.52	8.03	8.15	--  	127015344	      31906.42	内蒙	         26.45亿	19961008	
000726	鲁  泰Ａ	-0.17	-1.56	10.74	-0.17	10.72	10.74	172674	-0.18	          3.08	10.89	11.03	10.40	10.91	    10.84	183785552	      56110.69	山东	         60.26亿	20001225	
000779	*ST派神	-0.33	-3.29	9.69	-0.33	9.68	9.69	61895	0.10	          3.87	9.95	10.02	9.52	10.02	   223.22	60219836	      16012.19	甘肃	         15.52亿	19970528	
000803	金宇车城	-0.65	-4.73	13.10	-0.65	13.08	13.10	34139	-0.15	          3.78	13.73	13.76	12.95	13.75	   481.64	45155344	       9026.92	四川	         11.83亿	19980303	
000813	天山纺织	-0.45	-4.89	8.76	-0.45	8.76	8.77	73455	-0.11	          2.02	9.19	9.20	8.70	9.21	    78.38	65361032	      36345.07	新疆	         31.84亿	19980519	
000850	华茂股份	0.16	2.12	7.70	0.16	7.69	7.70	877227	-0.25	          9.30	7.69	8.00	7.14	7.54	   202.97	673110912	      94316.21	安徽	         72.62亿	19981007	
000955	欣龙控股	-0.32	-5.84	5.16	-0.32	5.15	5.16	257186	-0.19	          5.15	5.47	5.47	5.05	5.48	--  	134730720	      49939.50	海南	         25.77亿	19991209	
000971	蓝鼎控股	0.42	4.12	10.62	0.42	10.62	10.63	138019	0.09	          5.69	10.23	10.75	10.23	10.20	--  	144876880	      24277.52	湖北	         25.78亿	20000427	
000982	中银绒业	--  	--  	4.64	--  	--  	--  	0	--  	          0.00	--  	--  	--  	4.64	    41.31	0	     129393.21	宁夏	         60.04亿	20000706	
002034	美 欣 达	-1.11	-5.30	19.82	-1.11	19.82	19.90	14992	-0.05	          2.49	20.60	20.80	19.71	20.93	   395.77	30183604	       6025.16	浙江	         11.94亿	20040826	
002042	华孚色纺	-0.24	-4.23	5.44	-0.24	5.43	5.44	170534	0.00	          2.05	5.69	5.69	5.28	5.68	    17.10	93831856	      82998.72	安徽	         45.15亿	20050427	
002070	众和股份	--  	--  	9.49	--  	--  	--  	0	--  	          0.00	--  	--  	--  	9.49	    93.44	0	      56606.83	福建	         53.72亿	20061012	
002072	凯瑞德	1.22	7.55	17.37	1.22	17.36	17.37	249207	-0.74	         14.16	15.68	17.70	14.79	16.15	--  	388741824	      17596.65	山东	         30.57亿	20061018	
002083	孚日股份	-0.26	-4.86	5.09	-0.26	5.09	5.10	269931	-0.19	          3.28	5.34	5.35	5.00	5.35	    22.14	139148768	      82370.27	山东	         41.93亿	20061124	
002087	新野纺织	-0.21	-4.02	5.02	-0.21	5.02	5.03	156352	-0.19	          3.01	5.21	5.22	4.91	5.23	    37.10	79081000	      51961.51	河南	         26.08亿	20061130	
002127	*ST新民	-0.35	-4.03	8.33	-0.35	8.33	8.34	80806	0.12	          1.81	8.71	8.79	8.25	8.68	   146.81	67778184	      44645.89	江苏	         37.19亿	20070418	
002144	宏达高科	-0.71	-3.59	19.05	-0.71	19.05	19.07	58741	-0.15	          4.29	19.83	19.85	18.94	19.76	    26.56	113072336	      13679.36	浙江	         26.06亿	20070803	
002193	山东如意	-0.55	-4.29	12.28	-0.55	12.28	12.29	40356	0.08	          2.52	12.75	12.80	12.08	12.83	   110.25	50078828	      15991.28	山东	         19.64亿	20071207	
002394	联发股份	-0.41	-3.68	10.72	-0.41	10.72	10.73	120489	0.00	          3.72	11.16	11.17	10.60	11.13	    14.94	130382480	      32370.00	江苏	         34.70亿	20100423	
002404	嘉欣丝绸	-0.28	-1.98	13.83	-0.28	13.82	13.83	147876	-0.07	          8.38	14.15	14.96	13.45	14.11	    37.83	210289200	      17652.82	浙江	         24.41亿	20100511	
002516	江苏旷达	-1.21	-6.09	18.67	-1.21	18.67	18.68	53832	-0.26	          4.94	19.90	19.90	18.58	19.88	    27.85	101700528	      10889.78	江苏	         20.33亿	20101207	
002674	兴业科技	-0.82	-5.65	13.70	-0.82	13.70	13.71	51200	-0.36	          4.12	14.50	14.50	13.60	14.52	    27.88	71297832	      12436.40	福建	         17.04亿	20120507	
600070	浙江富润	-0.55	-5.46	9.53	-0.55	9.54	9.55	111483	0.10	          4.06	10.05	10.05	9.35	10.08	   140.31	107262520	      27431.76	浙江	         26.14亿	19970604	
600152	维科精华	-0.34	-3.98	8.21	-0.34	8.21	8.22	121576	-0.12	          4.14	8.56	8.58	8.00	8.55	--  	100508744	      29349.41	浙江	         24.10亿	19980609	
600156	华升股份	-0.26	-3.34	7.52	-0.26	7.54	7.55	150915	-0.39	          3.75	7.82	7.96	7.40	7.78	--  	116181368	      40211.07	湖南	         30.24亿	19980527	
600220	江苏阳光	-0.16	-3.86	3.99	-0.16	3.98	3.99	531357	-0.24	          2.98	4.17	4.19	3.90	4.15	   109.12	213671600	     178334.03	江苏	         71.16亿	19990927	
600232	金鹰股份	-0.38	-5.26	6.85	-0.38	6.84	6.86	114494	-0.14	          3.14	7.24	7.27	6.79	7.23	   114.28	79515096	      36471.85	浙江	         24.98亿	20000602	
600370	三房巷	-0.10	-1.33	7.44	-0.10	7.40	7.46	72106	2.62	          2.26	7.54	7.55	7.22	7.54	    90.44	52934568	      31889.76	江苏	         23.73亿	20030306	
600448	华纺股份	-0.04	-0.63	6.33	-0.04	6.33	6.34	159970	-0.31	          5.00	6.37	6.39	5.90	6.37	    91.68	98670504	      31980.00	山东	         20.24亿	20010903	
600493	凤竹纺织	-0.70	-7.77	8.31	-0.70	8.30	8.32	149211	-0.35	          5.49	9.01	9.03	8.20	9.01	   531.26	126520928	      27200.00	福建	         22.60亿	20040421	
600626	申达股份	-0.42	-4.42	9.09	-0.42	9.09	9.10	285742	-0.10	          4.02	9.49	9.49	9.00	9.51	    47.04	263031888	      71024.28	上海	         64.56亿	19930107	
600630	龙头股份	-0.54	-4.29	12.05	-0.54	12.05	12.06	188093	-0.16	          4.43	12.63	12.69	11.80	12.59	    76.76	229053024	      42486.16	上海	         51.20亿	19930209	
600689	*ST三毛	0.00	0.00	8.75	0.00	--  	--  	0	0.00	          0.00	--  	--  	--  	8.75	    17.87	0	      15220.41	上海	         13.32亿	19931108	
600735	新华锦	-0.65	-3.90	16.01	-0.65	16.00	16.10	56882	-0.37	          2.72	16.78	16.81	15.00	16.66	    82.22	91364488	      20899.75	山东	         33.46亿	19960726	
600851	海欣股份	-0.25	-2.72	8.95	-0.25	8.93	8.94	608264	-0.22	          8.24	9.31	9.47	8.78	9.20	    65.95	553603776	      73820.60	上海	         66.07亿	19940404	
600987	航民股份	-0.46	-4.72	9.28	-0.46	9.28	9.29	275262	-0.21	          4.33	9.71	9.71	9.01	9.74	    16.02	258021792	      63531.00	浙江	         58.96亿	20040809	
601339	百隆东方	-0.45	-3.81	11.36	-0.45	11.36	11.37	86843	-0.17	          4.52	11.75	11.75	11.11	11.81	    16.03	99380000	      19200.00	浙江	         21.81亿	20120612	
601599	鹿港科技	0.00	0.00	10.75	0.00	--  	--  	0	0.00	          0.00	--  	--  	--  	10.75	    67.82	0	      31800.00	江苏	         34.19亿	20110527	
数据来源:通达信
