代码	名称	涨跌	涨幅%%	现价	涨跌	买价	卖价	总量	涨速%%	换手%%	今开	最高	最低	昨收	市盈(动)	总金额	流通股本(万)	地区	流通市值	上市日期	
000008	宝利来	-0.53	-2.29	22.65	-0.53	22.65	22.66	24287	0.13	          1.65	23.16	23.16	22.00	23.18	   527.66	54792572	      14730.62	深圳	         33.36亿	19920507	
000034	深信泰丰	-0.29	-3.92	7.10	-0.29	7.09	7.10	116198	0.28	          3.42	7.39	7.40	6.92	7.39	    34.84	83110880	      34006.42	深圳	         24.14亿	19940509	
000301	东方市场	-0.27	-5.96	4.26	-0.27	4.25	4.26	558450	0.00	          4.58	4.52	4.52	4.12	4.53	    24.94	241313936	     121823.64	江苏	         51.90亿	20000529	
000576	广东甘化	0.30	2.29	13.39	0.30	13.39	13.40	133500	0.22	          5.21	13.10	13.39	12.90	13.09	   762.11	175892880	      25616.05	广东	         34.30亿	19940907	
000632	三木集团	0.31	4.57	7.10	0.31	7.10	7.11	478509	-0.28	         10.29	6.81	7.38	6.62	6.79	   437.02	336929472	      46505.91	福建	         33.02亿	19961121	
000633	合金投资	--  	--  	10.09	--  	--  	--  	0	--  	          0.00	--  	--  	--  	10.09	--  	0	      38510.64	辽宁	         38.86亿	19961112	
000652	泰达股份	-0.08	-1.06	7.48	-0.08	7.48	7.49	942401	-0.26	          6.43	7.56	7.74	7.08	7.56	--  	702001920	     146567.00	天津	        109.63亿	19961128	
000701	厦门信达	-0.54	-4.19	12.35	-0.54	12.35	12.36	101878	-0.08	          4.24	12.88	12.89	12.01	12.89	    43.50	127184640	      24024.32	福建	         29.67亿	19970226	
000839	中信国安	-0.47	-4.67	9.60	-0.47	9.60	9.61	519208	-0.20	          3.31	10.00	10.18	9.32	10.07	   119.12	504671936	     156760.28	北京	        150.49亿	19971031	
000881	大连国际	-0.42	-4.62	8.68	-0.42	8.67	8.68	156257	0.00	          5.07	9.15	9.15	8.59	9.10	    28.44	137542496	      30796.41	辽宁	         26.73亿	19980902	
000909	数源科技	-0.40	-4.26	8.99	-0.40	8.98	8.99	71819	-0.44	          2.44	9.37	9.41	8.88	9.39	    77.99	65202188	      29400.00	浙江	         26.43亿	19990507	
600051	宁波联合	-0.48	-4.63	9.89	-0.48	9.89	9.90	123169	-0.10	          4.07	10.37	10.37	9.80	10.37	    24.08	123506560	      30240.00	浙江	         29.91亿	19970410	
600209	罗顿发展	-0.69	-6.14	10.55	-0.69	10.55	10.56	296419	-0.18	          7.82	11.18	11.22	10.20	11.24	  1233.86	318619424	      37899.03	海南	         39.98亿	19990325	
600212	江泉实业	-0.54	-5.14	9.96	-0.54	9.94	9.95	322183	0.40	          6.30	10.40	10.40	9.61	10.50	--  	321091072	      51169.71	山东	         50.97亿	19990817	
600256	广汇能源	-0.32	-3.75	8.21	-0.32	8.20	8.21	2186741	0.12	          7.18	8.53	8.56	8.08	8.53	    20.70	1815535488	     304605.28	新疆	        250.08亿	20000526	
600576	万好万家	-0.96	-4.80	19.06	-0.96	19.01	19.06	59173	0.31	          2.71	19.88	19.88	18.95	20.02	--  	113815584	      21809.31	浙江	         41.57亿	20030220	
600603	大洲兴业	-0.48	-5.07	8.99	-0.48	8.98	8.99	58412	-0.22	          3.00	9.46	9.46	8.96	9.47	--  	53329196	      19464.18	福建	         17.50亿	19920113	
600614	鼎立股份	-0.46	-3.84	11.52	-0.46	11.51	11.52	150573	-0.25	          3.37	11.93	11.96	11.38	11.98	   276.85	174766448	      44675.94	上海	         51.47亿	19920828	
600620	天宸股份	-0.18	-1.78	9.91	-0.18	9.90	9.91	232045	-0.10	          5.07	10.11	10.39	9.73	10.09	    36.15	233657600	      45778.46	上海	         45.37亿	19921117	
600622	嘉宝集团	-0.34	-3.98	8.20	-0.34	8.19	8.20	286054	-0.24	          5.56	8.63	8.63	8.08	8.54	    10.96	239237504	      51430.37	上海	         42.17亿	19921203	
600624	复旦复华	0.33	2.05	16.39	0.33	16.37	16.38	577753	-0.18	         16.74	16.08	16.76	15.25	16.06	   187.19	929345600	      34515.50	上海	         56.57亿	19930105	
600647	同达创业	-0.68	-4.28	15.21	-0.68	15.21	15.22	29711	-0.06	          2.14	15.89	15.89	15.20	15.89	--  	45872616	      13914.36	上海	         21.16亿	19930504	
600656	博元投资	-0.70	-6.10	10.77	-0.70	10.74	10.75	90175	0.27	          4.74	11.38	11.38	10.35	11.47	--  	97862352	      19032.83	广东	         20.50亿	19901219	
600687	刚泰控股	0.94	5.20	19.03	0.94	19.04	19.05	273160	0.31	         11.09	18.09	19.35	17.90	18.09	    81.07	507335232	      24625.25	甘肃	         46.86亿	19931108	
600701	工大高新	0.00	0.00	6.07	0.00	--  	--  	0	0.00	          0.00	--  	--  	--  	6.07	--  	0	      49878.19	黑龙江	         30.28亿	19960528	
600730	中国高科	-0.64	-4.70	12.98	-0.64	12.97	12.98	179122	-0.07	          6.11	13.63	13.63	12.78	13.62	    18.71	235349712	      29332.80	北京	         38.07亿	19960726	
600770	综艺股份	-0.43	-4.21	9.79	-0.43	9.78	9.79	495737	-0.30	          4.49	10.25	10.25	9.66	10.22	   489.52	492945952	     110460.00	江苏	        108.14亿	19961120	
600777	新潮实业	0.00	0.00	11.92	0.00	--  	--  	0	0.00	          0.00	--  	--  	--  	11.92	--  	0	      62530.53	山东	         74.54亿	19961121	
600800	天津磁卡	-0.11	-1.47	7.39	-0.11	7.38	7.40	434630	0.13	          7.12	7.45	7.49	6.98	7.50	--  	316676640	      61031.10	天津	         45.10亿	19931206	
600805	悦达投资	-0.35	-3.00	11.32	-0.35	11.31	11.32	527333	-0.17	          6.21	11.69	11.87	11.15	11.67	     9.62	606385856	      84920.21	江苏	         96.13亿	19940103	
600811	东方集团	-0.25	-2.62	9.31	-0.25	9.30	9.31	1655608	-0.10	          9.93	9.60	9.89	8.91	9.56	    10.32	1562477696	     166680.53	黑龙江	        155.18亿	19940106	
600832	东方明珠	-0.67	-4.45	14.38	-0.67	14.38	14.39	1127220	-0.06	          3.54	15.09	15.09	14.22	15.05	    35.64	1641906048	     318633.50	上海	        458.19亿	19940224	
600846	同济科技	-0.70	-6.60	9.90	-0.70	9.89	9.90	710655	-0.10	         11.37	10.48	10.58	9.71	10.60	    58.92	714728832	      62476.14	上海	         61.85亿	19940311	
600892	宝诚股份	0.00	0.00	24.30	0.00	--  	--  	0	0.00	          0.00	--  	--  	--  	24.30	  6823.56	0	       6282.31	深圳	         15.27亿	19960315	
数据来源:通达信
